   5.0000002374872565E-004   1.0000002974974870E-003
   1.0000000474974513E-003   2.0000025949975086E-003
   1.5000000712461770E-003   3.0000088925183502E-003
   2.0000000949949026E-003   4.0000211901102976E-003
   2.5000001187436283E-003   5.0000414878716374E-003
   3.0000001424923539E-003   6.0000717859646589E-003
   3.5000001662410796E-003   7.0001140846316567E-003
   4.0000001899898052E-003   8.0001703842109365E-003
   4.5000002137385309E-003   9.0002426851528185E-003
   5.0000002374872565E-003   1.0000332988035647E-002
   5.5000002612359822E-003   1.1000443293581800E-002
   6.0000002849847078E-003   1.2000575602673699E-002
   6.5000003087334335E-003   1.3000731916369825E-002
   7.0000003324821591E-003   1.4000914235920741E-002
   7.5000003562308848E-003   1.5001124562785106E-002
   8.0000003799796104E-003   1.6001364898645707E-002
   8.5000004037283361E-003   1.7001637245425482E-002
   9.0000004274770617E-003   1.8001943605303553E-002
   9.5000004512257874E-003   1.9002285980731268E-002
   1.0000000474974513E-002   2.0002666374448239E-002
   1.0500000498723239E-002   2.1003086789498387E-002
   1.1000000522471964E-002   2.2003549229245998E-002
   1.1500000546220690E-002   2.3004055697391775E-002
   1.2000000569969416E-002   2.4004608197988910E-002
   1.2500000593718141E-002   2.5005208735459142E-002
   1.3000000617466867E-002   2.6005859314608842E-002
   1.3500000641215593E-002   2.7006561940645081E-002
   1.4000000664964318E-002   2.8007318619191736E-002
   1.4500000688713044E-002   2.9008131356305575E-002
   1.5000000712461770E-002   3.0009002158492361E-002
   1.5500000736210495E-002   3.1009933032722967E-002
   1.6000000759959221E-002   3.2010925986449487E-002
   1.6500000783707947E-002   3.3011983027621372E-002
   1.7000000807456672E-002   3.4013106164701559E-002
   1.7500000831205398E-002   3.5014297406682618E-002
   1.8000000854954123E-002   3.6015558763102896E-002
   1.8500000878702849E-002   3.7016892244062703E-002
   1.9000000902451575E-002   3.8018299860240454E-002
   1.9500000926200300E-002   3.9019783622908866E-002
   2.0000000949949026E-002   4.0021345543951155E-002
   2.0500000973697752E-002   4.1022987635877230E-002
   2.1000000997446477E-002   4.2024711911839902E-002
   2.1500001021195203E-002   4.3026520385651128E-002
   2.2000001044943929E-002   4.4028415071798221E-002
   2.2500001068692654E-002   4.5030397985460109E-002
   2.3000001092441380E-002   4.6032471142523596E-002
   2.3500001116190106E-002   4.7034636559599628E-002
   2.4000001139938831E-002   4.8036896254039584E-002
   2.4500001163687557E-002   4.9039252243951545E-002
   2.5000001187436283E-002   5.0041706548216644E-002
   2.5500001211185008E-002   5.1044261186505360E-002
   2.6000001234933734E-002   5.2046918179293855E-002
   2.6500001258682460E-002   5.3049679547880327E-002
   2.7000001282431185E-002   5.4052547314401372E-002
   2.7500001306179911E-002   5.5055523501848377E-002
   2.8000001329928637E-002   5.6058610134083885E-002
   2.8500001353677362E-002   5.7061809235858012E-002
   2.9000001377426088E-002   5.8065122832824882E-002
   2.9500001401174814E-002   5.9068552951559050E-002
   3.0000001424923539E-002   6.0072101619571952E-002
   3.0500001448672265E-002   6.1075770865328401E-002
   3.1000001472420990E-002   6.2079562718263030E-002
   3.1500001496169716E-002   6.3083479208796839E-002
   3.2000001519918442E-002   6.4087522368353675E-002
   3.2500001543667167E-002   6.5091694229376815E-002
   3.3000001567415893E-002   6.6095996825345449E-002
   3.3500001591164619E-002   6.7100432190791329E-002
   3.4000001614913344E-002   6.8105002361315309E-002
   3.4500001638662070E-002   6.9109709373603972E-002
   3.5000001662410796E-002   7.0114555265446243E-002
   3.5500001686159521E-002   7.1119542075750053E-002
   3.6000001709908247E-002   7.2124671844558980E-002
   3.6500001733656973E-002   7.3129946613068972E-002
   3.7000001757405698E-002   7.4135368423645001E-002
   3.7500001781154424E-002   7.5140939319837827E-002
   3.8000001804903150E-002   7.6146661346400732E-002
   3.8500001828651875E-002   7.7152536549306261E-002
   3.9000001852400601E-002   7.8158566975763052E-002
   3.9500001876149327E-002   7.9164754674232604E-002
   4.0000001899898052E-002   8.0171101694446120E-002
   4.0500001923646778E-002   8.1177610087421373E-002
   4.1000001947395504E-002   8.2184281905479550E-002
   4.1500001971144229E-002   8.3191119202262159E-002
   4.2000001994892955E-002   8.4198124032747970E-002
   4.2500002018641680E-002   8.5205298453269920E-002
   4.3000002042390406E-002   8.6212644521532100E-002
   4.3500002066139132E-002   8.7220164296626740E-002
   4.4000002089887857E-002   8.8227859839051209E-002
   4.4500002113636583E-002   8.9235733210725074E-002
   4.5000002137385309E-002   9.0243786475007137E-002
   4.5500002161134034E-002   9.1252021696712524E-002
   4.6000002184882760E-002   9.2260440942129818E-002
   4.6500002208631486E-002   9.3269046279038190E-002
   4.7000002232380211E-002   9.4277839776724520E-002
   4.7500002256128937E-002   9.5286823506000637E-002
   4.8000002279877663E-002   9.6295999539220495E-002
   4.8500002303626388E-002   9.7305369950297468E-002
   4.9000002327375114E-002   9.8314936814721546E-002
   4.9500002351123840E-002   9.9324702209576690E-002
   5.0000002374872565E-002  0.10033466821355812     
   5.0500002398621291E-002  0.10134483690698967     
   5.1000002422370017E-002  0.10235521037184121     
   5.1500002446118742E-002  0.10336579069174599     
   5.2000002469867468E-002  0.10437657995201811     
   5.2500002493616194E-002  0.10538758023966999     
   5.3000002517364919E-002  0.10639879364342984     
   5.3500002541113645E-002  0.10741022225375924     
   5.4000002564862370E-002  0.10842186816287062     
   5.4500002588611096E-002  0.10943373346474491     
   5.5000002612359822E-002  0.11044582025514912     
   5.5500002636108547E-002  0.11145813063165400     
   5.6000002659857273E-002  0.11247066669365170     
   5.6500002683605999E-002  0.11348343054237355     
   5.7000002707354724E-002  0.11449642428090767     
   5.7500002731103450E-002  0.11550965001421691     
   5.8000002754852176E-002  0.11652310984915652     
   5.8500002778600901E-002  0.11753680589449207     
   5.9000002802349627E-002  0.11855074026091729     
   5.9500002826098353E-002  0.11956491506107199     
   6.0000002849847078E-002  0.12057933240956001     
   6.0500002873595804E-002  0.12159399442296716     
   6.1000002897344530E-002  0.12260890321987929     
   6.1500002921093255E-002  0.12362406092090027     
   6.2000002944841981E-002  0.12463946964867012     
   6.2500002968590707E-002  0.12565513152788313     
   6.3000002992339432E-002  0.12667104868530596     
   6.3500003016088158E-002  0.12768722324979589     
   6.4000003039836884E-002  0.12870365735231901     
   6.4500003063585609E-002  0.12972035312596847     
   6.5000003087334335E-002  0.13073731270598285     
   6.5500003111083061E-002  0.13175453822976443     
   6.6000003134831786E-002  0.13277203183689756     
   6.6500003158580512E-002  0.13378979566916716     
   6.7000003182329237E-002  0.13480783187057707     
   6.7500003206077963E-002  0.13582614258736858     
   6.8000003229826689E-002  0.13684472996803901     
   6.8500003253575414E-002  0.13786359616336022     
   6.9000003277324140E-002  0.13888274332639725     
   6.9500003301072866E-002  0.13990217361252694     
   7.0000003324821591E-002  0.14092188917945667     
   7.0500003348570317E-002  0.14194189218724304     
   7.1000003372319043E-002  0.14296218479831074     
   7.1500003396067768E-002  0.14398276917747124     
   7.2000003419816494E-002  0.14500364749194175     
   7.2500003443565220E-002  0.14602482191136407     
   7.3000003467313945E-002  0.14704629460782356     
   7.3500003491062671E-002  0.14806806775586812     
   7.4000003514811397E-002  0.14909014353252720     
   7.4500003538560122E-002  0.15011252411733092     
   7.5000003562308848E-002  0.15113521169232919     
   7.5500003586057574E-002  0.15215820844211081     
   7.6000003609806299E-002  0.15318151655382273     
   7.6500003633555025E-002  0.15420513821718931     
   7.7000003657303751E-002  0.15522907562453164     
   7.7500003681052476E-002  0.15625333097078684     
   7.8000003704801202E-002  0.15727790645352743     
   7.8500003728549927E-002  0.15830280427298088     
   7.9000003752298653E-002  0.15932802663204901     
   7.9500003776047379E-002  0.16035357573632755     
   8.0000003799796104E-002  0.16137945379412574     
   8.0500003823544830E-002  0.16240566301648593     
   8.1000003847293556E-002  0.16343220561720329     
   8.1500003871042281E-002  0.16445908381284555     
   8.2000003894791007E-002  0.16548629982277274     
   8.2500003918539733E-002  0.16651385586915707     
   8.3000003942288458E-002  0.16754175417700276     
   8.3500003966037184E-002  0.16856999697416603     
   8.4000003989785910E-002  0.16959858649137502     
   8.4500004013534635E-002  0.17062752496224989     
   8.5000004037283361E-002  0.17165681462332286     
   8.5500004061032087E-002  0.17268645771405838     
   8.6000004084780812E-002  0.17371645647687331     
   8.6500004108529538E-002  0.17474681315715712     
   8.7000004132278264E-002  0.17577753000329230     
   8.7500004156026989E-002  0.17680860926667460     
   8.8000004179775715E-002  0.17784005320173349     
   8.8500004203524441E-002  0.17887186406595262     
   8.9000004227273166E-002  0.17990404411989033     
   8.9500004251021892E-002  0.18093659562720021     
   9.0000004274770617E-002  0.18196952085465179     
   9.0500004298519343E-002  0.18300282207215116     
   9.1000004322268069E-002  0.18403650155276169     
   9.1500004346016794E-002  0.18507056157272492     
   9.2000004369765520E-002  0.18610500441148137     
   9.2500004393514246E-002  0.18713983235169143     
   9.3000004417262971E-002  0.18817504767925636     
   9.3500004441011697E-002  0.18921065268333934     
   9.4000004464760423E-002  0.19024664965638652     
   9.4500004488509148E-002  0.19128304089414822     
   9.5000004512257874E-002  0.19231982869570011     
   9.5500004536006600E-002  0.19335701536346447     
   9.6000004559755325E-002  0.19439460320323160     
   9.6500004583504051E-002  0.19543259452418107     
   9.7000004607252777E-002  0.19647099163890336     
   9.7500004631001502E-002  0.19750979686342121     
   9.8000004654750228E-002  0.19854901251721133     
   9.8500004678498954E-002  0.19958864092322598     
   9.9000004702247679E-002  0.20062868440791468     
   9.9500004725996405E-002  0.20166914530124602     
  0.10000000474974513       0.20271002593672949     
  0.10050000477349386       0.20375132865143733     
  0.10100000479724258       0.20479305578602658     
  0.10150000482099131       0.20583520968476104     
  0.10200000484474003       0.20687779269553344     
  0.10250000486848876       0.20792080716988753     
  0.10300000489223748       0.20896425546304043     
  0.10350000491598621       0.21000813993390480     
  0.10400000493973494       0.21105246294511129     
  0.10450000496348366       0.21209722686303101     
  0.10500000498723239       0.21314243405779792     
  0.10550000501098111       0.21418808690333158     
  0.10600000503472984       0.21523418777735961     
  0.10650000505847856       0.21628073906144057     
  0.10700000508222729       0.21732774314098668     
  0.10750000510597602       0.21837520240528668     
  0.10800000512972474       0.21942311924752878     
  0.10850000515347347       0.22047149606482366     
  0.10900000517722219       0.22152033525822756     
  0.10950000520097092       0.22256963923276543     
  0.11000000522471964       0.22361941039745414     
  0.11050000524846837       0.22466965116532583     
  0.11100000527221709       0.22572036395345124     
  0.11150000529596582       0.22677155118296322     
  0.11200000531971455       0.22782321527908017     
  0.11250000534346327       0.22887535867112974     
  0.11300000536721200       0.22992798379257243     
  0.11350000539096072       0.23098109308102543     
  0.11400000541470945       0.23203468897828644     
  0.11450000543845817       0.23308877393035754     
  0.11500000546220690       0.23414335038746920     
  0.11550000548595563       0.23519842080410441     
  0.11600000550970435       0.23625398763902281     
  0.11650000553345308       0.23731005335528488     
  0.11700000555720180       0.23836662042027634     
  0.11750000558095053       0.23942369130573249     
  0.11800000560469925       0.24048126848776269     
  0.11850000562844798       0.24153935444687497     
  0.11900000565219671       0.24259795166800063     
  0.11950000567594543       0.24365706264051906     
  0.12000000569969416       0.24471668985828243     
  0.12050000572344288       0.24577683581964069     
  0.12100000574719161       0.24683750302746651     
  0.12150000577094033       0.24789869398918038     
  0.12200000579468906       0.24896041121677578     
  0.12250000581843778       0.25002265722684441     
  0.12300000584218651       0.25108543454060145     
  0.12350000586593524       0.25214874568391116     
  0.12400000588968396       0.25321259318731226     
  0.12450000591343269       0.25427697958604356     
  0.12500000593718141       0.25534190742006962     
  0.12550000596093014       0.25640737923410667     
  0.12600000598467886       0.25747339757764826     
  0.12650000600842759       0.25853996500499143     
  0.12700000603217632       0.25960708407526273     
  0.12750000605592504       0.26067475735244428     
  0.12800000607967377       0.26174298740540008     
  0.12850000610342249       0.26281177680790235     
  0.12900000612717122       0.26388112813865794     
  0.12950000615091994       0.26495104398133484     
  0.13000000617466867       0.26602152692458891     
  0.13050000619841740       0.26709257956209054     
  0.13100000622216612       0.26816420449255141     
  0.13150000624591485       0.26923640431975149     
  0.13200000626966357       0.27030918165256601     
  0.13250000629341230       0.27138253910499260     
  0.13300000631716102       0.27245647929617850     
  0.13350000634090975       0.27353100485044790     
  0.13400000636465847       0.27460611839732935     
  0.13450000638840720       0.27568182257158319     
  0.13500000641215593       0.27675812001322925     
  0.13550000643590465       0.27783501336757460     
  0.13600000645965338       0.27891250528524131     
  0.13650000648340210       0.27999059842219443     
  0.13700000650715083       0.28106929543976999     
  0.13750000653089955       0.28214859900470324     
  0.13800000655464828       0.28322851178915665     
  0.13850000657839701       0.28430903647074857     
  0.13900000660214573       0.28539017573258152     
  0.13950000662589446       0.28647193226327078     
  0.14000000664964318       0.28755430875697308     
  0.14050000667339191       0.28863730791341541     
  0.14100000669714063       0.28972093243792385     
  0.14150000672088936       0.29080518504145264     
  0.14200000674463809       0.29189006844061338     
  0.14250000676838681       0.29297558535770407     
  0.14300000679213554       0.29406173852073864     
  0.14350000681588426       0.29514853066347624     
  0.14400000683963299       0.29623596452545098     
  0.14450000686338171       0.29732404285200154     
  0.14500000688713044       0.29841276839430092     
  0.14550000691087916       0.29950214390938651     
  0.14600000693462789       0.30059217216019002     
  0.14650000695837662       0.30168285591556759     
  0.14700000698212534       0.30277419795033028     
  0.14750000700587407       0.30386620104527418     
  0.14800000702962279       0.30495886798721117     
  0.14850000705337152       0.30605220156899943     
  0.14900000707712024       0.30714620458957426     
  0.14950000710086897       0.30824087985397886     
  0.15000000712461770       0.30933623017339545     
  0.15050000714836642       0.31043225836517635     
  0.15100000717211515       0.31152896725287521     
  0.15150000719586387       0.31262635966627850     
  0.15200000721961260       0.31372443844143683     
  0.15250000724336132       0.31482320642069672     
  0.15300000726711005       0.31592266645273237     
  0.15350000729085878       0.31702282139257748     
  0.15400000731460750       0.31812367410165726     
  0.15450000733835623       0.31922522744782061     
  0.15500000736210495       0.32032748430537250     
  0.15550000738585368       0.32143044755510619     
  0.15600000740960240       0.32253412008433585     
  0.15650000743335113       0.32363850478692935     
  0.15700000745709985       0.32474360456334095     
  0.15750000748084858       0.32584942232064423     
  0.15800000750459731       0.32695596097256530     
  0.15850000752834603       0.32806322343951588     
  0.15900000755209476       0.32917121264862675     
  0.15950000757584348       0.33027993153378127     
  0.16000000759959221       0.33138938303564885     
  0.16050000762334093       0.33249957010171888     
  0.16100000764708966       0.33361049568633466     
  0.16150000767083839       0.33472216275072741     
  0.16200000769458711       0.33583457426305047     
  0.16250000771833584       0.33694773319841359     
  0.16300000774208456       0.33806164253891752     
  0.16350000776583329       0.33917630527368858     
  0.16400000778958201       0.34029172439891353     
  0.16450000781333074       0.34140790291787443     
  0.16500000783707947       0.34252484384098364     
  0.16550000786082819       0.34364255018581930     
  0.16600000788457692       0.34476102497716038     
  0.16650000790832564       0.34588027124702247     
  0.16700000793207437       0.34700029203469335     
  0.16750000795582309       0.34812109038676881     
  0.16800000797957182       0.34924266935718867     
  0.16850000800332054       0.35036503200727298     
  0.16900000802706927       0.35148818140575816     
  0.16950000805081800       0.35261212062883368     
  0.17000000807456672       0.35373685276017841     
  0.17050000809831545       0.35486238089099759     
  0.17100000812206417       0.35598870812005967     
  0.17150000814581290       0.35711583755373350     
  0.17200000816956162       0.35824377230602539     
  0.17250000819331035       0.35937251549861671     
  0.17300000821705908       0.36050207026090142     
  0.17350000824080780       0.36163243973002379     
  0.17400000826455653       0.36276362705091625     
  0.17450000828830525       0.36389563537633762     
  0.17500000831205398       0.36502846786691118     
  0.17550000833580270       0.36616212769116324     
  0.17600000835955143       0.36729661802556157     
  0.17650000838330016       0.36843194205455426     
  0.17700000840704888       0.36956810297060860     
  0.17750000843079761       0.37070510397425022     
  0.17800000845454633       0.37184294827410230     
  0.17850000847829506       0.37298163908692500     
  0.17900000850204378       0.37412117963765523     
  0.17950000852579251       0.37526157315944625     
  0.18000000854954123       0.37640282289370780     
  0.18050000857328996       0.37754493209014611     
  0.18100000859703869       0.37868790400680441     
  0.18150000862078741       0.37983174191010333     
  0.18200000864453614       0.38097644907488160     
  0.18250000866828486       0.38212202878443702     
  0.18300000869203359       0.38326848433056743     
  0.18350000871578231       0.38441581901361199     
  0.18400000873953104       0.38556403614249274     
  0.18450000876327977       0.38671313903475601     
  0.18500000878702849       0.38786313101661446     
  0.18550000881077722       0.38901401542298897     
  0.18600000883452594       0.39016579559755082     
  0.18650000885827467       0.39131847489276422     
  0.18700000888202339       0.39247205666992874     
  0.18750000890577212       0.39362654429922223     
  0.18800000892952085       0.39478194115974369     
  0.18850000895326957       0.39593825063955651     
  0.18900000897701830       0.39709547613573193     
  0.18950000900076702       0.39825362105439244     
  0.19000000902451575       0.39941268881075565     
  0.19050000904826447       0.40057268282917835     
  0.19100000907201320       0.40173360654320062     
  0.19150000909576192       0.40289546339559024     
  0.19200000911951065       0.40405825683838725     
  0.19250000914325938       0.40522199033294881     
  0.19300000916700810       0.40638666734999418     
  0.19350000919075683       0.40755229136965004     
  0.19400000921450555       0.40871886588149575     
  0.19450000923825428       0.40988639438460922     
  0.19500000926200300       0.41105488038761268     
  0.19550000928575173       0.41222432740871867     
  0.19600000930950046       0.41339473897577644     
  0.19650000933324918       0.41456611862631854     
  0.19700000935699791       0.41573846990760743     
  0.19750000938074663       0.41691179637668246     
  0.19800000940449536       0.41808610160040716     
  0.19850000942824408       0.41926138915551647     
  0.19900000945199281       0.42043766262866450     
  0.19950000947574154       0.42161492561647246     
  0.20000000949949026       0.42279318172557651     
  0.20050000952323899       0.42397243457267625     
  0.20100000954698771       0.42515268778458332     
  0.20150000957073644       0.42633394499827004     
  0.20200000959448516       0.42751620986091848     
  0.20250000961823389       0.42869948602996971     
  0.20300000964198261       0.42988377717317328     
  0.20350000966573134       0.43106908696863694     
  0.20400000968948007       0.43225541910487669     
  0.20450000971322879       0.43344277728086689     
  0.20500000973697752       0.43463116520609074     
  0.20550000976072624       0.43582058660059092     
  0.20600000978447497       0.43701104519502065     
  0.20650000980822369       0.43820254473069481     
  0.20700000983197242       0.43939508895964136     
  0.20750000985572115       0.44058868164465298     
  0.20800000987946987       0.44178332655933922     
  0.20850000990321860       0.44297902748817847     
  0.20900000992696732       0.44417578822657050     
  0.20950000995071605       0.44537361258088914     
  0.21000000997446477       0.44657250436853535     
  0.21050000999821350       0.44777246741799021     
  0.21100001002196223       0.44897350556886867     
  0.21150001004571095       0.45017562267197320     
  0.21200001006945968       0.45137882258934769     
  0.21250001009320840       0.45258310919433192     
  0.21300001011695713       0.45378848637161601     
  0.21350001014070585       0.45499495801729523     
  0.21400001016445458       0.45620252803892519     
  0.21450001018820331       0.45741120035557709     
  0.21500001021195203       0.45862097889789338     
  0.21550001023570076       0.45983186760814382     
  0.21600001025944948       0.46104387044028150     
  0.21650001028319821       0.46225699135999937     
  0.21700001030694693       0.46347123434478710     
  0.21750001033069566       0.46468660338398804     
  0.21800001035444438       0.46590310247885652     
  0.21850001037819311       0.46712073564261558     
  0.21900001040194184       0.46833950690051479     
  0.21950001042569056       0.46955942028988845     
  0.22000001044943929       0.47078047986021415     
  0.22050001047318801       0.47200268967317155     
  0.22100001049693674       0.47322605380270144     
  0.22150001052068546       0.47445057633506510     
  0.22200001054443419       0.47567626136890406     
  0.22250001056818292       0.47690311301530008     
  0.22300001059193164       0.47813113539783531     
  0.22350001061568037       0.47936033265265315     
  0.22400001063942909       0.48059070892851891     
  0.22450001066317782       0.48182226838688119     
  0.22500001068692654       0.48305501520193339     
  0.22550001071067527       0.48428895356067553     
  0.22600001073442400       0.48552408766297639     
  0.22650001075817272       0.48676042172163603     
  0.22700001078192145       0.48799795996244860     
  0.22750001080567017       0.48923670662426555     
  0.22800001082941890       0.49047666595905892     
  0.22850001085316762       0.49171784223198528     
  0.22900001087691635       0.49296023972144970     
  0.22950001090066507       0.49420386271917033     
  0.23000001092441380       0.49544871553024300     
  0.23050001094816253       0.49669480247320658     
  0.23100001097191125       0.49794212788010822     
  0.23150001099565998       0.49919069609656919     
  0.23200001101940870       0.50044051148185109     
  0.23250001104315743       0.50169157840892231     
  0.23300001106690615       0.50294390126452471     
  0.23350001109065488       0.50419748444924095     
  0.23400001111440361       0.50545233237756193     
  0.23450001113815233       0.50670844947795479     
  0.23500001116190106       0.50796584019293101     
  0.23550001118564978       0.50922450897911498     
  0.23600001120939851       0.51048446030731309     
  0.23650001123314723       0.51174569866258302     
  0.23700001125689596       0.51300822854430317     
  0.23750001128064469       0.51427205446624313     
  0.23800001130439341       0.51553718095663370     
  0.23850001132814214       0.51680361255823792     
  0.23900001135189086       0.51807135382842229     
  0.23950001137563959       0.51934040933922798     
  0.24000001139938831       0.52061078367744307     
  0.24050001142313704       0.52188248144467464     
  0.24100001144688576       0.52315550725742166     
  0.24150001147063449       0.52442986574714801     
  0.24200001149438322       0.52570556156035564     
  0.24250001151813194       0.52698259935865899     
  0.24300001154188067       0.52826098381885878     
  0.24350001156562939       0.52954071963301685     
  0.24400001158937812       0.53082181150853114     
  0.24450001161312684       0.53210426416821111     
  0.24500001163687557       0.53338808235035373     
  0.24550001166062430       0.53467327080881977     
  0.24600001168437302       0.53595983431311023     
  0.24650001170812175       0.53724777764844367     
  0.24700001173187047       0.53853710561583346     
  0.24750001175561920       0.53982782303216603     
  0.24800001177936792       0.54111993473027908     
  0.24850001180311665       0.54241344555904014     
  0.24900001182686538       0.54370836038342618     
  0.24950001185061410       0.54500468408460279     
  0.25000001187436283       0.54630242156000453     
  0.25050001189811155       0.54760157772341544     
  0.25100001192186028       0.54890215750504978     
  0.25150001194560900       0.55020416585163356     
  0.25200001196935773       0.55150760772648633     
  0.25250001199310645       0.55281248810960337     
  0.25300001201685518       0.55411881199773860     
  0.25350001204060391       0.55542658440448744     
  0.25400001206435263       0.55673581036037079     
  0.25450001208810136       0.55804649491291891     
  0.25500001211185008       0.55935864312675598     
  0.25550001213559881       0.56067226008368520     
  0.25600001215934753       0.56198735088277418     
  0.25650001218309626       0.56330392064044099     
  0.25700001220684499       0.56462197449054052     
  0.25750001223059371       0.56594151758445155     
  0.25800001225434244       0.56726255509116386     
  0.25850001227809116       0.56858509219736642     
  0.25900001230183989       0.56990913410753541     
  0.25950001232558861       0.57123468604402350     
  0.26000001234933734       0.57256175324714875     
  0.26050001237308607       0.57389034097528491     
  0.26100001239683479       0.57522045450495152     
  0.26150001242058352       0.57655209913090466     
  0.26200001244433224       0.57788528016622853     
  0.26250001246808097       0.57922000294242726     
  0.26300001249182969       0.58055627280951738     
  0.26350001251557842       0.58189409513612056     
  0.26400001253932714       0.58323347530955716     
  0.26450001256307587       0.58457441873594018     
  0.26500001258682460       0.58591693084026975     
  0.26550001261057332       0.58726101706652800     
  0.26600001263432205       0.58860668287777507     
  0.26650001265807077       0.58995393375624450     
  0.26700001268181950       0.59130277520344066     
  0.26750001270556822       0.59265321274023519     
  0.26800001272931695       0.59400525190696540     
  0.26850001275306568       0.59535889826353205     
  0.26900001277681440       0.59671415738949862     
  0.26950001280056313       0.59807103488419044     
  0.27000001282431185       0.59942953636679475     
  0.27050001284806058       0.60078966747646123     
  0.27100001287180930       0.60215143387240333     
  0.27150001289555803       0.60351484123399968     
  0.27200001291930676       0.60487989526089669     
  0.27250001294305548       0.60624660167311117     
  0.27300001296680421       0.60761496621113387     
  0.27350001299055293       0.60898499463603362     
  0.27400001301430166       0.61035669272956194     
  0.27450001303805038       0.61173006629425830     
  0.27500001306179911       0.61310512115355598     
  0.27550001308554783       0.61448186315188857     
  0.27600001310929656       0.61586029815479715     
  0.27650001313304529       0.61724043204903778     
  0.27700001315679401       0.61862227074269016     
  0.27750001318054274       0.62000582016526640     
  0.27800001320429146       0.62139108626782047     
  0.27850001322804019       0.62277807502305882     
  0.27900001325178891       0.62416679242545103     
  0.27950001327553764       0.62555724449134131     
  0.28000001329928637       0.62694943725906083     
  0.28050001332303509       0.62834337678904040     
  0.28100001334678382       0.62973906916392397     
  0.28150001337053254       0.63113652048868296     
  0.28200001339428127       0.63253573689073084     
  0.28250001341802999       0.63393672452003891     
  0.28300001344177872       0.63533948954925235     
  0.28350001346552745       0.63674403817380687     
  0.28400001348927617       0.63815037661204654     
  0.28450001351302490       0.63955851110534190     
  0.28500001353677362       0.64096844791820906     
  0.28550001356052235       0.64238019333842922     
  0.28600001358427107       0.64379375367716885     
  0.28650001360801980       0.64520913526910106     
  0.28700001363176852       0.64662634447252720     
  0.28750001365551725       0.64804538766949948     
  0.28800001367926598       0.64946627126594392     
  0.28850001370301470       0.65088900169178476     
  0.28900001372676343       0.65231358540106887     
  0.28950001375051215       0.65374002887209115     
  0.29000001377426088       0.65516833860752088     
  0.29050001379800960       0.65659852113452855     
  0.29100001382175833       0.65803058300491379     
  0.29150001384550706       0.65946453079523348     
  0.29200001386925578       0.66090037110693123     
  0.29250001389300451       0.66233811056646741     
  0.29300001391675323       0.66377775582544984     
  0.29350001394050196       0.66521931356076558     
  0.29400001396425068       0.66666279047471289     
  0.29450001398799941       0.66810819329513493     
  0.29500001401174814       0.66955552877555335     
  0.29550001403549686       0.67100480369530313     
  0.29600001405924559       0.67245602485966849     
  0.29650001408299431       0.67390919910001901     
  0.29700001410674304       0.67536433327394685     
  0.29750001413049176       0.67682143426540509     
  0.29800001415424049       0.67828050898484649     
  0.29850001417798921       0.67974156436936328     
  0.29900001420173794       0.68120460738282784     
  0.29950001422548667       0.68266964501603422     
  0.30000001424923539       0.68413668428684016     
  0.30050001427298412       0.68560573224031085     
  0.30100001429673284       0.68707679594886251     
  0.30150001432048157       0.68854988251240767     
  0.30200001434423029       0.69002499905850101     
  0.30250001436797902       0.69150215274248594     
  0.30300001439172775       0.69298135074764244     
  0.30350001441547647       0.69446260028533557     
  0.30400001443922520       0.69594590859516503     
  0.30450001446297392       0.69743128294511525     
  0.30500001448672265       0.69891873063170729     
  0.30550001451047137       0.70040825898015069     
  0.30600001453422010       0.70189987534449672     
  0.30650001455796883       0.70339358710779265     
  0.30700001458171755       0.70488940168223690     
  0.30750001460546628       0.70638732650933500     
  0.30800001462921500       0.70788736906005689     
  0.30850001465296373       0.70938953683499451     
  0.30900001467671245       0.71089383736452127     
  0.30950001470046118       0.71240027820895191     
  0.31000001472420990       0.71390886695870348     
  0.31050001474795863       0.71541961123445719     
  0.31100001477170736       0.71693251868732188     
  0.31150001479545608       0.71844759699899763     
  0.31200001481920481       0.71996485388194109     
  0.31250001484295353       0.72148429707953154     
  0.31300001486670226       0.72300593436623806     
  0.31350001489045098       0.72452977354778780     
  0.31400001491419971       0.72605582246133504     
  0.31450001493794844       0.72758408897563198     
  0.31500001496169716       0.72911458099119975     
  0.31550001498544589       0.73064730644050102     
  0.31600001500919461       0.73218227328811369     
  0.31650001503294334       0.73371948953090560     
  0.31700001505669206       0.73525896319821027     
  0.31750001508044079       0.73680070235200390     
  0.31800001510418952       0.73834471508708333     
  0.31850001512793824       0.73989100953124520     
  0.31900001515168697       0.74143959384546665     
  0.31950001517543569       0.74299047622408620     
  0.32000001519918442       0.74454366489498691     
  0.32050001522293314       0.74609916811977994     
  0.32100001524668187       0.74765699419398968     
  0.32150001527043059       0.74921715144723977     
  0.32200001529417932       0.75077964824344068     
  0.32250001531792805       0.75234449298097805     
  0.32300001534167677       0.75391169409290260     
  0.32350001536542550       0.75548126004712113     
  0.32400001538917422       0.75705319934658899     
  0.32450001541292295       0.75862752052950322     
  0.32500001543667167       0.76020423216949740     
  0.32550001546042040       0.76178334287583771     
  0.32600001548416913       0.76336486129362024     
  0.32650001550791785       0.76494879610396960     
  0.32700001553166658       0.76653515602423838     
  0.32750001555541530       0.76812394980820886     
  0.32800001557916403       0.76971518624629498     
  0.32850001560291275       0.77130887416574634     
  0.32900001562666148       0.77290502243085324     
  0.32950001565041021       0.77450363994315330     
  0.33000001567415893       0.77610473564163895     
  0.33050001569790766       0.77770831850296684     
  0.33100001572165638       0.77931439754166820     
  0.33150001574540511       0.78092298181036091     
  0.33200001576915383       0.78253408039996253     
  0.33250001579290256       0.78414770243990539     
  0.33300001581665128       0.78576385709835239     
  0.33350001584040001       0.78738255358241482     
  0.33400001586414874       0.78900380113837099     
  0.33450001588789746       0.79062760905188689     
  0.33500001591164619       0.79225398664823810     
  0.33550001593539491       0.79388294329253317     
  0.33600001595914364       0.79551448838993821     
  0.33650001598289236       0.79714863138590364     
  0.33700001600664109       0.79878538176639158     
  0.33750001603038982       0.80042474905810546     
  0.33800001605413854       0.80206674282872104     
  0.33850001607788727       0.80371137268711845     
  0.33900001610163599       0.80535864828361647     
  0.33950001612538472       0.80700857931020809     
  0.34000001614913344       0.80866117550079741     
  0.34050001617288217       0.81031644663143854     
  0.34100001619663090       0.81197440252057573     
  0.34150001622037962       0.81363505302928574     
  0.34200001624412835       0.81529840806152076     
  0.34250001626787707       0.81696447756435420     
  0.34300001629162580       0.81863327152822707     
  0.34350001631537452       0.82030479998719685     
  0.34400001633912325       0.82197907301918749     
  0.34450001636287197       0.82365610074624140     
  0.34500001638662070       0.82533589333477309     
  0.34550001641036943       0.82701846099582421     
  0.34600001643411815       0.82870381398532111     
  0.34650001645786688       0.83039196260433312     
  0.34700001648161560       0.83208291719933358     
  0.34750001650536433       0.83377668816246175     
  0.34800001652911305       0.83547328593178727     
  0.34850001655286178       0.83717272099157602     
  0.34900001657661051       0.83887500387255776     
  0.34950001660035923       0.84058014515219581     
  0.35000001662410796       0.84228815545495850     
  0.35050001664785668       0.84399904545259263     
  0.35100001667160541       0.84571282586439822     
  0.35150001669535413       0.84742950745750611     
  0.35200001671910286       0.84914910104715668     
  0.35250001674285159       0.85087161749698059     
  0.35300001676660031       0.85259706771928201     
  0.35350001679034904       0.85432546267532328     
  0.35400001681409776       0.85605681337561146     
  0.35450001683784649       0.85779113088018755     
  0.35500001686159521       0.85952842629891679     
  0.35550001688534394       0.86126871079178191     
  0.35600001690909266       0.86301199556917763     
  0.35650001693284139       0.86475829189220765     
  0.35700001695659012       0.86650761107298357     
  0.35750001698033884       0.86825996447492615     
  0.35800001700408757       0.87001536351306807     
  0.35850001702783629       0.87177381965435963     
  0.35900001705158502       0.87353534441797587     
  0.35950001707533374       0.87529994937562605     
  0.36000001709908247       0.87706764615186583     
  0.36050001712283120       0.87883844642441089     
  0.36100001714657992       0.88061236192445291     
  0.36150001717032865       0.88238940443697844     
  0.36200001719407737       0.88416958580108895     
  0.36250001721782610       0.88595291791032438     
  0.36300001724157482       0.88773941271298762     
  0.36350001726532355       0.88952908221247240     
  0.36400001728907228       0.89132193846759322     
  0.36450001731282100       0.89311799359291699     
  0.36500001733656973       0.89491725975909797     
  0.36550001736031845       0.89671974919321451     
  0.36600001738406718       0.89852547417910833     
  0.36650001740781590       0.90033444705772625     
  0.36700001743156463       0.90214668022746436     
  0.36750001745531335       0.90396218614451462     
  0.36800001747906208       0.90578097732321394     
  0.36850001750281081       0.90760306633639587     
  0.36900001752655953       0.90942846581574444     
  0.36950001755030826       0.91125718845215131     
  0.37000001757405698       0.91308924699607452     
  0.37050001759780571       0.91492465425790082     
  0.37100001762155443       0.91676342310830961     
  0.37150001764530316       0.91860556647864033     
  0.37200001766905189       0.92045109736126218     
  0.37250001769280061       0.92230002880994644     
  0.37300001771654934       0.92415237394024163     
  0.37350001774029806       0.92600814592985126     
  0.37400001776404679       0.92786735801901454     
  0.37450001778779551       0.92973002351088962     
  0.37500001781154424       0.93159615577193988     
  0.37550001783529297       0.93346576823232275     
  0.37600001785904169       0.93533887438628160     
  0.37650001788279042       0.93721548779254038     
  0.37700001790653914       0.93909562207470121     
  0.37750001793028787       0.94097929092164478     
  0.37800001795403659       0.94286650808793404     
  0.37850001797778532       0.94475728739422038     
  0.37900001800153404       0.94665164272765290     
  0.37950001802528277       0.94854958804229095     
  0.38000001804903150       0.95045113735951969     
  0.38050001807278022       0.95235630476846855     
  0.38100001809652895       0.95426510442643253     
  0.38150001812027767       0.95617755055929743     
  0.38200001814402640       0.95809365746196740     
  0.38250001816777512       0.96001343949879614     
  0.38300001819152385       0.96193691110402113     
  0.38350001821527258       0.96386408678220115     
  0.38400001823902130       0.96579498110865702     
  0.38450001826277003       0.96772960872991565     
  0.38500001828651875       0.96966798436415758     
  0.38550001831026748       0.97161012280166736     
  0.38600001833401620       0.97355603890528819     
  0.38650001835776493       0.97550574761087883     
  0.38700001838151366       0.97745926392777494     
  0.38750001840526238       0.97941660293925337     
  0.38800001842901111       0.98137777980300023     
  0.38850001845275983       0.98334280975158206     
  0.38900001847650856       0.98531170809292101     
  0.38950001850025728       0.98728449021077336     
  0.39000001852400601       0.98926117156521198     
  0.39050001854775473       0.99124176769311179     
  0.39100001857150346       0.99322629420863962     
  0.39150001859525219       0.99521476680374754     
  0.39200001861900091       0.99720720124866979     
  0.39250001864274964       0.99920361339242336     
  0.39300001866649836        1.0012040191633131     
  0.39350001869024709        1.0032084345694401     
  0.39400001871399581        1.0052168756992139     
  0.39450001873774454        1.0072293587218688     
  0.39500001876149327        1.0092458998879843     
  0.39550001878524199        1.0112665155300096     
  0.39600001880899072        1.0132912220627912     
  0.39650001883273944        1.0153200359841059     
  0.39700001885648817        1.0173529738751972     
  0.39750001888023689        1.0193900524013157     
  0.39800001890398562        1.0214312883122645     
  0.39850001892773435        1.0234766984429469     
  0.39900001895148307        1.0255262997139210     
  0.39950001897523180        1.0275801091319567     
  0.40000001899898052        1.0296381437905979     
  0.40050001902272925        1.0317004208707281     
  0.40100001904647797        1.0337669576411421     
  0.40150001907022670        1.0358377714591200     
  0.40200001909397542        1.0379128797710080     
  0.40250001911772415        1.0399923001128017     
  0.40300001914147288        1.0420760501107351     
  0.40350001916522160        1.0441641474818739     
  0.40400001918897033        1.0462566100347139     
  0.40450001921271905        1.0483534556697831     
  0.40500001923646778        1.0504547023802497     
  0.40550001926021650        1.0525603682525340     
  0.40600001928396523        1.0546704714669257     
  0.40650001930771396        1.0567850302982060     
  0.40700001933146268        1.0589040631162741     
  0.40750001935521141        1.0610275883867790     
  0.40800001937896013        1.0631556246717573     
  0.40850001940270886        1.0652881906302740     
  0.40900001942645758        1.0674253050190703     
  0.40950001945020631        1.0695669866932154     
  0.41000001947395504        1.0717132546067640     
  0.41050001949770376        1.0738641278134191     
  0.41100001952145249        1.0760196254672001     
  0.41150001954520121        1.0781797668231154     
  0.41200001956894994        1.0803445712378423     
  0.41250001959269866        1.0825140581704102     
  0.41300001961644739        1.0846882471828905     
  0.41350001964019611        1.0868671579410920     
  0.41400001966394484        1.0890508102152618     
  0.41450001968769357        1.0912392238807915     
  0.41500001971144229        1.0934324189189299     
  0.41550001973519102        1.0956304154175005     
  0.41600001975893974        1.0978332335716257     
  0.41650001978268847        1.1000408936844561     
  0.41700001980643719        1.1022534161679067     
  0.41750001983018592        1.1044708215433978     
  0.41800001985393465        1.1066931304426033     
  0.41850001987768337        1.1089203636082043     
  0.41900001990143210        1.1111525418946488     
  0.41950001992518082        1.1133896862689183     
  0.42000001994892955        1.1156318178112996     
  0.42050001997267827        1.1178789577161643     
  0.42100001999642700        1.1201311272927537     
  0.42150002002017573        1.1223883479659704     
  0.42200002004392445        1.1246506412771766     
  0.42250002006767318        1.1269180288849987     
  0.42300002009142190        1.1291905325661391     
  0.42350002011517063        1.1314681742161941     
  0.42400002013891935        1.1337509758504789     
  0.42450002016266808        1.1360389596048592     
  0.42500002018641680        1.1383321477365904     
  0.42550002021016553        1.1406305626251629     
  0.42600002023391426        1.1429342267731548     
  0.42650002025766298        1.1452431628070920     
  0.42700002028141171        1.1475573934783156     
  0.42750002030516043        1.1498769416638552     
  0.42800002032890916        1.1522018303673116     
  0.42850002035265788        1.1545320827197452     
  0.42900002037640661        1.1568677219805727     
  0.42950002040015534        1.1592087715384718     
  0.43000002042390406        1.1615552549122918     
  0.43050002044765279        1.1639071957519740     
  0.43100002047140151        1.1662646178394780     
  0.43150002049515024        1.1686275450897177     
  0.43200002051889896        1.1709960015515033     
  0.43250002054264769        1.1733700114084933     
  0.43300002056639642        1.1757495989801527     
  0.43350002059014514        1.1781347887227207     
  0.43400002061389387        1.1805256052301862     
  0.43450002063764259        1.1829220732352712     
  0.43500002066139132        1.1853242176104237     
  0.43550002068514004        1.1877320633688178     
  0.43600002070888877        1.1901456356653632     
  0.43650002073263749        1.1925649597977239     
  0.43700002075638622        1.1949900612073441     
  0.43750002078013495        1.1974209654804837     
  0.43800002080388367        1.1998576983492637     
  0.43850002082763240        1.2023002856927190     
  0.43900002085138112        1.2047487535378616     
  0.43950002087512985        1.2072031280607523     
  0.44000002089887857        1.2096634355875817     
  0.44050002092262730        1.2121297025957611     
  0.44100002094637603        1.2146019557150227     
  0.44150002097012475        1.2170802217285286     
  0.44200002099387348        1.2195645275739908     
  0.44250002101762220        1.2220549003448005     
  0.44300002104137093        1.2245513672911663     
  0.44350002106511965        1.2270539558212641     
  0.44400002108886838        1.2295626935023960     
  0.44450002111261711        1.2320776080621594     
  0.44500002113636583        1.2345987273896264     
  0.44550002116011456        1.2371260795365346     
  0.44600002118386328        1.2396596927184871     
  0.44650002120761201        1.2421995953161633     
  0.44700002123136073        1.2447458158765419     
  0.44750002125510946        1.2472983831141324     
  0.44800002127885818        1.2498573259122197     
  0.44850002130260691        1.2524226733241179     
  0.44900002132635564        1.2549944545744374     
  0.44950002135010436        1.2575726990603613     
  0.45000002137385309        1.2601574363529344     
  0.45050002139760181        1.2627486961983629     
  0.45100002142135054        1.2653465085193272     
  0.45150002144509926        1.2679509034163046     
  0.45200002146884799        1.2705619111689050     
  0.45250002149259672        1.2731795622372191     
  0.45300002151634544        1.2758038872631770     
  0.45350002154009417        1.2784349170719214     
  0.45400002156384289        1.2810726826731913     
  0.45450002158759162        1.2837172152627192     
  0.45500002161134034        1.2863685462236403     
  0.45550002163508907        1.2890267071279156     
  0.45600002165883780        1.2916917297377668     
  0.45650002168258652        1.2943636460071253     
  0.45700002170633525        1.2970424880830931     
  0.45750002173008397        1.2997282883074186     
  0.45800002175383270        1.3024210792179851     
  0.45850002177758142        1.3051208935503125     
  0.45900002180133015        1.3078277642390737     
  0.45950002182507887        1.3105417244196249     
  0.46000002184882760        1.3132628074295494     
  0.46050002187257633        1.3159910468102156     
  0.46100002189632505        1.3187264763083504     
  0.46150002192007378        1.3214691298776260     
  0.46200002194382250        1.3242190416802619     
  0.46250002196757123        1.3269762460886425     
  0.46300002199131995        1.3297407776869481     
  0.46350002201506868        1.3325126712728026     
  0.46400002203881741        1.3352919618589358     
  0.46450002206256613        1.3380786846748620     
  0.46500002208631486        1.3408728751685728     
  0.46550002211006358        1.3436745690082472     
  0.46600002213381231        1.3464838020839776     
  0.46650002215756103        1.3493006105095111     
  0.46700002218130976        1.3521250306240085     
  0.46750002220505849        1.3549570989938187     
  0.46800002222880721        1.3577968524142703     
  0.46850002225255594        1.3606443279114806     
  0.46900002227630466        1.3634995627441813     
  0.46950002230005339        1.3663625944055613     
  0.47000002232380211        1.3692334606251277     
  0.47050002234755084        1.3721121993705840     
  0.47100002237129956        1.3749988488497265     
  0.47150002239504829        1.3778934475123579     
  0.47200002241879702        1.3807960340522212     
  0.47250002244254574        1.3837066474089503     
  0.47300002246629447        1.3866253267700399     
  0.47350002249004319        1.3895521115728344     
  0.47400002251379192        1.3924870415065365     
  0.47450002253754064        1.3954301565142335     
  0.47500002256128937        1.3983814967949457     
  0.47550002258503810        1.4013411028056921     
  0.47600002260878682        1.4043090152635780     
  0.47650002263253555        1.4072852751479012     
  0.47700002265628427        1.4102699237022809     
  0.47750002268003300        1.4132630024368049     
  0.47800002270378172        1.4162645531301996     
  0.47850002272753045        1.4192746178320199     
  0.47900002275127918        1.4222932388648617     
  0.47950002277502790        1.4253204588265951     
  0.48000002279877663        1.4283563205926202     
  0.48050002282252535        1.4314008673181449     
  0.48100002284627408        1.4344541424404846     
  0.48150002287002280        1.4375161896813859     
  0.48200002289377153        1.4405870530493716     
  0.48250002291752025        1.4436667768421103     
  0.48300002294126898        1.4467554056488086     
  0.48350002296501771        1.4498529843526280     
  0.48400002298876643        1.4529595581331249     
  0.48450002301251516        1.4560751724687151     
  0.48500002303626388        1.4591998731391636     
  0.48550002306001261        1.4623337062280983     
  0.48600002308376133        1.4654767181255501     
  0.48650002310751006        1.4686289555305170     
  0.48700002313125879        1.4717904654535552     
  0.48750002315500751        1.4749612952193958     
  0.48800002317875624        1.4781414924695879     
  0.48850002320250496        1.4813311051651685     
  0.48900002322625369        1.4845301815893590     
  0.48950002325000241        1.4877387703502900     
  0.49000002327375114        1.4909569203837527     
  0.49050002329749987        1.4941846809559789     
  0.49100002332124859        1.4974221016664488     
  0.49150002334499732        1.5006692324507285     
  0.49200002336874604        1.5039261235833352     
  0.49250002339249477        1.5071928256806328     
  0.49300002341624349        1.5104693897037564     
  0.49350002343999222        1.5137558669615674     
  0.49400002346374094        1.5170523091136388     
  0.49450002348748967        1.5203587681732713     
  0.49500002351123840        1.5236752965105407     
  0.49550002353498712        1.5270019468553762     
  0.49600002355873585        1.5303387723006718     
  0.49650002358248457        1.5336858263054289     
  0.49700002360623330        1.5370431626979320     
  0.49750002362998202        1.5404108356789574     
  0.49800002365373075        1.5437888998250158     
  0.49850002367747948        1.5471774100916278     
  0.49900002370122820        1.5505764218166354     
  0.49950002372497693        1.5539859907235460     
  0.50000002374872565        1.5574061729249138     
  0.50050002377247438        1.5608370249257548     
  0.50100002379622310        1.5642786036269998     
  0.50150002381997183        1.5677309663289816     
  0.50200002384372056        1.5711941707349617     
  0.50250002386746928        1.5746682749546921     
  0.50300002389121801        1.5781533375080161     
  0.50350002391496673        1.5816494173285074     
  0.50400002393871546        1.5851565737671476     
  0.50450002396246418        1.5886748665960433     
  0.50500002398621291        1.5922043560121826     
  0.50550002400996163        1.5957451026412321     
  0.50600002403371036        1.5992971675413752     
  0.50650002405745909        1.6028606122071900     
  0.50700002408120781        1.6064354985735712     
  0.50750002410495654        1.6100218890196925     
  0.50800002412870526        1.6136198463730129     
  0.50850002415245399        1.6172294339133264     
  0.50900002417620271        1.6208507153768543     
  0.50950002419995144        1.6244837549603843     
  0.51000002422370017        1.6281286173254523     
  0.51050002424744889        1.6317853676025718     
  0.51100002427119762        1.6354540713955077     
  0.51150002429494634        1.6391347947855988     
  0.51200002431869507        1.6428276043361265     
  0.51250002434244379        1.6465325670967315     
  0.51300002436619252        1.6502497506078795     
  0.51350002438994125        1.6539792229053767     
  0.51400002441368997        1.6577210525249340     
  0.51450002443743870        1.6614753085067824     
  0.51500002446118742        1.6652420604003400     
  0.51550002448493615        1.6690213782689298     
  0.51600002450868487        1.6728133326945511     
  0.51650002453243360        1.6766179947827038     
  0.51700002455618232        1.6804354361672660     
  0.51750002457993105        1.6842657290154268     
  0.51800002460367978        1.6881089460326750     
  0.51850002462742850        1.6919651604678425     
  0.51900002465117723        1.6958344461182053     
  0.51950002467492595        1.6997168773346425     
  0.52000002469867468        1.7036125290268522     
  0.52050002472242340        1.7075214766686282     
  0.52100002474617213        1.7114437963031950     
  0.52150002476992086        1.7153795645486043     
  0.52200002479366958        1.7193288586031932     
  0.52250002481741831        1.7232917562511036     
  0.52300002484116703        1.7272683358678662     
  0.52350002486491576        1.7312586764260469     
  0.52400002488866448        1.7352628575009588     
  0.52450002491241321        1.7392809592764400     
  0.52500002493616194        1.7433130625506978     
  0.52550002495991066        1.7473592487422200     
  0.52600002498365939        1.7514195998957556     
  0.52650002500740811        1.7554941986883625     
  0.52700002503115684        1.7595831284355290     
  0.52750002505490556        1.7636864730973629     
  0.52800002507865429        1.7678043172848550     
  0.52850002510240301        1.7719367462662146     
  0.52900002512615174        1.7760838459732797     
  0.52950002514990047        1.7802457030080030     
  0.53000002517364919        1.7844224046490118     
  0.53050002519739792        1.7886140388582477     
  0.53100002522114664        1.7928206942876828     
  0.53150002524489537        1.7970424602861164     
  0.53200002526864409        1.8012794269060515     
  0.53250002529239282        1.8055316849106529     
  0.53300002531614155        1.8097993257807881     
  0.53350002533989027        1.8140824417221526     
  0.53400002536363900        1.8183811256724791     
  0.53450002538738772        1.8226954713088335     
  0.53500002541113645        1.8270255730549987     
  0.53550002543488517        1.8313715260889467     
  0.53600002545863390        1.8357334263503999     
  0.53650002548238263        1.8401113705484844     
  0.53700002550613135        1.8445054561694758     
  0.53750002552988008        1.8489157814846382     
  0.53800002555362880        1.8533424455581582     
  0.53850002557737753        1.8577855482551757     
  0.53900002560112625        1.8622451902499126     
  0.53950002562487498        1.8667214730338997     
  0.54000002564862370        1.8712144989243056     
  0.54050002567237243        1.8757243710723663     
  0.54100002569612116        1.8802511934719193     
  0.54150002571986988        1.8847950709680414     
  0.54200002574361861        1.8893561092657951     
  0.54250002576736733        1.8939344149390800     
  0.54300002579111606        1.8985300954395967     
  0.54350002581486478        1.9031432591059201     
  0.54400002583861351        1.9077740151726859     
  0.54450002586236224        1.9124224737798914     
  0.54500002588611096        1.9170887459823129     
  0.54550002590985969        1.9217729437590401     
  0.54600002593360841        1.9264751800231299     
  0.54650002595735714        1.9311955686313831     
  0.54700002598110586        1.9359342243942415     
  0.54750002600485459        1.9406912630858117     
  0.54800002602860332        1.9454668014540153     
  0.54850002605235204        1.9502609572308667     
  0.54900002607610077        1.9550738491428823     
  0.54950002609984949        1.9599055969216221     
  0.55000002612359822        1.9647563213143646     
  0.55050002614734694        1.9696261440949192     
  0.55100002617109567        1.9745151880745759     
  0.55150002619484439        1.9794235771131965     
  0.55200002621859312        1.9843514361304480     
  0.55250002624234185        1.9892988911171798     
  0.55300002626609057        1.9942660691469494     
  0.55350002628983930        1.9992530983876955     
  0.55400002631358802        2.0042601081135638     
  0.55450002633733675        2.0092872287168859     
  0.55500002636108547        2.0143345917203135     
  0.55550002638483420        2.0194023297891119     
  0.55600002640858293        2.0244905767436148     
  0.55650002643233165        2.0295994675718396     
  0.55700002645608038        2.0347291384422719     
  0.55750002647982910        2.0398797267168156     
  0.55800002650357783        2.0450513709639160     
  0.55850002652732655        2.0502442109718544     
  0.55900002655107528        2.0554583877622195     
  0.55950002657482401        2.0606940436035588     
  0.56000002659857273        2.0659513220252101     
  0.56050002662232146        2.0712303678313186     
  0.56100002664607018        2.0765313271150405     
  0.56150002666981891        2.0818543472729383     
  0.56200002669356763        2.0871995770195677     
  0.56250002671731636        2.0925671664022616     
  0.56300002674106508        2.0979572668161142     
  0.56350002676481381        2.1033700310191659     
  0.56400002678856254        2.1088056131477968     
  0.56450002681231126        2.1142641687323254     
  0.56500002683605999        2.1197458547128232     
  0.56550002685980871        2.1252508294551431     
  0.56600002688355744        2.1307792527671676     
  0.56650002690730616        2.1363312859152788     
  0.56700002693105489        2.1419070916410559     
  0.56750002695480362        2.1475068341782015     
  0.56800002697855234        2.1531306792697036     
  0.56850002700230107        2.1587787941852308     
  0.56900002702604979        2.1644513477387726     
  0.56950002704979852        2.1701485103065234     
  0.57000002707354724        2.1758704538450151     
  0.57050002709729597        2.1816173519095039     
  0.57100002712104470        2.1873893796726125     
  0.57150002714479342        2.1931867139432359     
  0.57200002716854215        2.1990095331857122     
  0.57250002719229087        2.2048580175392631     
  0.57300002721603960        2.2107323488377091     
  0.57350002723978832        2.2166327106294634     
  0.57400002726353705        2.2225592881978118     
  0.57450002728728577        2.2285122685814773     
  0.57500002731103450        2.2344918405954814     
  0.57550002733478323        2.2404981948523015     
  0.57600002735853195        2.2465315237833323     
  0.57650002738228068        2.2525920216606545     
  0.57700002740602940        2.2586798846191187     
  0.57750002742977813        2.2647953106787453     
  0.57800002745352685        2.2709384997674502     
  0.57850002747727558        2.2771096537441005     
  0.57900002750102431        2.2833089764219032     
  0.57950002752477303        2.2895366735921368     
  0.58000002754852176        2.2957929530482284     
  0.58050002757227048        2.3020780246101831     
  0.58100002759601921        2.3083921001493724     
  0.58150002761976793        2.3147353936136876     
  0.58200002764351666        2.3211081210530642     
  0.58250002766726539        2.3275105006453818     
  0.58300002769101411        2.3339427527227508     
  0.58350002771476284        2.3404050997981880     
  0.58400002773851156        2.3468977665926896     
  0.58450002776226029        2.3534209800627082     
  0.58500002778600901        2.3599749694280421     
  0.58550002780975774        2.3665599662001431     
  0.58600002783350646        2.3731762042108482     
  0.58650002785725519        2.3798239196415478     
  0.58700002788100392        2.3865033510527924     
  0.58750002790475264        2.3932147394143493     
  0.58800002792850137        2.3999583281357149     
  0.58850002795225009        2.4067343630970934     
  0.58900002797599882        2.4135430926808490     
  0.58950002799974754        2.4203847678034363     
  0.59000002802349627        2.4272596419478258     
  0.59050002804724500        2.4341679711964246     
  0.59100002807099372        2.4411100142645066     
  0.59150002809474245        2.4480860325341611     
  0.59200002811849117        2.4550962900887652     
  0.59250002814223990        2.4621410537479949     
  0.59300002816598862        2.4692205931033806     
  0.59350002818973735        2.4763351805544191     
  0.59400002821348608        2.4834850913452513     
  0.59450002823723480        2.4906706036019162     
  0.59500002826098353        2.4978919983701928     
  0.59550002828473225        2.5051495596540376     
  0.59600002830848098        2.5124435744546338     
  0.59650002833222970        2.5197743328100586     
  0.59700002835597843        2.5271421278355817     
  0.59750002837972715        2.5345472557646103     
  0.59800002840347588        2.5419900159902853     
  0.59850002842722461        2.5494707111077486     
  0.59900002845097333        2.5569896469570890     
  0.59950002847472206        2.5645471326669811     
  0.60000002849847078        2.5721434806990313     
  0.60050002852221951        2.5797790068928421     
  0.60100002854596823        2.5874540305118101     
  0.60150002856971696        2.5951688742896715     
  0.60200002859346569        2.6029238644778081     
  0.60250002861721441        2.6107193308933296     
  0.60300002864096314        2.6185556069679472     
  0.60350002866471186        2.6264330297976519     
  0.60400002868846059        2.6343519401932163     
  0.60450002871220931        2.6423126827315322     
  0.60500002873595804        2.6503156058078017     
  0.60550002875970677        2.6583610616886006     
  0.60600002878345549        2.6664494065658277     
  0.60650002880720422        2.6745810006115587     
  0.60700002883095294        2.6827562080338225     
  0.60750002885470167        2.6909753971333186     
  0.60800002887845039        2.6992389403610937     
  0.60850002890219912        2.7075472143771950     
  0.60900002892594784        2.7159006001103232     
  0.60950002894969657        2.7242994828185010     
  0.61000002897344530        2.7327442521507792     
  0.61050002899719402        2.7412353022100029     
  0.61100002902094275        2.7497730316166566     
  0.61150002904469147        2.7583578435738088     
  0.61200002906844020        2.7669901459331827     
  0.61250002909218892        2.7756703512623728     
  0.61300002911593765        2.7843988769132300     
  0.61350002913968638        2.7931761450914401     
  0.61400002916343510        2.8020025829273227     
  0.61450002918718383        2.8108786225478686     
  0.61500002921093255        2.8198047011500491     
  0.61550002923468128        2.8287812610754179     
  0.61600002925843000        2.8378087498860349     
  0.61650002928217873        2.8468876204417377     
  0.61700002930592746        2.8560183309787903     
  0.61750002932967618        2.8652013451899370     
  0.61800002935342491        2.8744371323058897     
  0.61850002937717363        2.8837261671782821     
  0.61900002940092236        2.8930689303641182     
  0.61950002942467108        2.9024659082117465     
  0.62000002944841981        2.9119175929483969     
  0.62050002947216853        2.9214244827693054     
  0.62100002949591726        2.9309870819284707     
  0.62150002951966599        2.9406059008310663     
  0.62200002954341471        2.9502814561275539     
  0.62250002956716344        2.9600142708095265     
  0.62300002959091216        2.9698048743073251     
  0.62350002961466089        2.9796538025894601     
  0.62400002963840961        2.9895615982638852     
  0.62450002966215834        2.9995288106811562     
  0.62500002968590707        3.0095559960395195     
  0.62550002970965579        3.0196437174919741     
  0.62600002973340452        3.0297925452553471     
  0.62650002975715324        3.0400030567214276     
  0.62700002978090197        3.0502758365702070     
  0.62750002980465069        3.0606114768852701     
  0.62800002982839942        3.0710105772713852     
  0.62850002985214815        3.0814737449743421     
  0.62900002987589687        3.0920015950030901     
  0.62950002989964560        3.1025947502542253     
  0.63000002992339432        3.1132538416388797     
  0.63050002994714305        3.1239795082120714     
  0.63100002997089177        3.1347723973045634     
  0.63150002999464050        3.1456331646572964     
  0.63200003001838923        3.1565624745584477     
  0.63250003004213795        3.1675609999831824     
  0.63300003006588668        3.1786294227361518     
  0.63350003008963540        3.1897684335968091     
  0.63400003011338413        3.2009787324676022     
  0.63450003013713285        3.2122610285251145     
  0.63500003016088158        3.2236160403742180     
  0.63550003018463030        3.2350444962053135     
  0.63600003020837903        3.2465471339547278     
  0.63650003023212776        3.2581247014683412     
  0.63700003025587648        3.2697779566685239     
  0.63750003027962521        3.2815076677244570     
  0.63800003030337393        3.2933146132259217     
  0.63850003032712266        3.3051995823606362     
  0.63900003035087138        3.3171633750952263     
  0.63950003037462011        3.3292068023599182     
  0.64000003039836884        3.3413306862370402     
  0.64050003042211756        3.3535358601534284     
  0.64100003044586629        3.3658231690768283     
  0.64150003046961501        3.3781934697163916     
  0.64200003049336374        3.3906476307273667     
  0.64250003051711246        3.4031865329200879     
  0.64300003054086119        3.4158110694733641     
  0.64350003056460992        3.4285221461523814     
  0.64400003058835864        3.4413206815312281     
  0.64450003061210737        3.4542076072201557     
  0.64500003063585609        3.4671838680976985     
  0.64550003065960482        3.4802504225477673     
  0.64600003068335354        3.4934082427018480     
  0.64650003070710227        3.5066583146864301     
  0.64700003073085099        3.5200016388757973     
  0.64750003075459972        3.5334392301503179     
  0.64800003077834845        3.5469721181603759     
  0.64850003080209717        3.5606013475960832     
  0.64900003082584590        3.5743279784629243     
  0.64950003084959462        3.5881530863634863     
  0.65000003087334335        3.6020777627854308     
  0.65050003089709207        3.6161031153958678     
  0.65100003092084080        3.6302302683423027     
  0.65150003094458953        3.6444603625603231     
  0.65200003096833825        3.6587945560882065     
  0.65250003099208698        3.6732340243886283     
  0.65300003101583570        3.6877799606776600     
  0.65350003103958443        3.7024335762612477     
  0.65400003106333315        3.7171961008793750     
  0.65450003108708188        3.7320687830581116     
  0.65500003111083061        3.7470528904697602     
  0.65550003113457933        3.7621497103013217     
  0.65600003115832806        3.7773605496315019     
  0.65650003118207678        3.7926867358164920     
  0.65700003120582551        3.8081296168847607     
  0.65750003122957423        3.8236905619411092     
  0.65800003125332296        3.8393709615802374     
  0.65850003127707168        3.8551722283100873     
  0.65900003130082041        3.8710957969852342     
  0.65950003132456914        3.8871431252506028     
  0.66000003134831786        3.9033156939958000     
  0.66050003137206659        3.9196150078203575     
  0.66100003139581531        3.9360425955101950     
  0.66150003141956404        3.9526000105256172     
  0.66200003144331276        3.9692888315011770     
  0.66250003146706149        3.9861106627577372     
  0.66300003149081022        4.0030671348270825     
  0.66350003151455894        4.0201599049894412     
  0.66400003153830767        4.0373906578242895     
  0.66450003156205639        4.0547611057748236     
  0.66500003158580512        4.0722729897264918     
  0.66550003160955384        4.0899280796000079     
  0.66600003163330257        4.1077281749592549     
  0.66650003165705130        4.1256751056345324     
  0.66700003168080002        4.1437707323615918     
  0.66750003170454875        4.1620169474369320     
  0.66800003172829747        4.1804156753898374     
  0.66850003175204620        4.1989688736716619     
  0.66900003177579492        4.2176785333628786     
  0.66950003179954365        4.2365466798984244     
  0.67000003182329237        4.2555753738119080     
  0.67050003184704110        4.2747667114992369     
  0.67100003187078983        4.2941228260022797     
  0.67150003189453855        4.3136458878131565     
  0.67200003191828728        4.3333381056998128     
  0.67250003194203600        4.3532017275535262     
  0.67300003196578473        4.3732390412590316     
  0.67350003198953345        4.3934523755879713     
  0.67400003201328218        4.4138441011164060     
  0.67450003203703091        4.4344166311671440     
  0.67500003206077963        4.4551724227776699     
  0.67550003208452836        4.4761139776945011     
  0.67600003210827708        4.4972438433948012     
  0.67650003213202581        4.5185646141361424     
  0.67700003215577453        4.5400789320353114     
  0.67750003217952326        4.5617894881771122     
  0.67800003220327199        4.5836990237541331     
  0.67850003222702071        4.6058103312385041     
  0.67900003225076944        4.6281262555866816     
  0.67950003227451816        4.6506496954783643     
  0.68000003229826689        4.6733836045906711     
  0.68050003232201561        4.6963309929087496     
  0.68100003234576434        4.7194949280740461     
  0.68150003236951306        4.7428785367715021     
  0.68200003239326179        4.7664850061569926     
  0.68250003241701052        4.7903175853263757     
  0.68300003244075924        4.8143795868275809     
  0.68350003246450797        4.8386743882172061     
  0.68400003248825669        4.8632054336631620     
  0.68450003251200542        4.8879762355949667     
  0.68500003253575414        4.9129903764033447     
  0.68550003255950287        4.9382515101908560     
  0.68600003258325160        4.9637633645753629     
  0.68650003260700032        4.9895297425481901     
  0.68700003263074905        5.0155545243889339     
  0.68750003265449777        5.0418416696389379     
  0.68800003267824650        5.0683952191355521     
  0.68850003270199522        5.0952192971093604     
  0.68900003272574395        5.1223181133466680     
  0.68950003274949268        5.1496959654196335     
  0.69000003277324140        5.1773572409865150     
  0.69050003279699013        5.2053064201646322     
  0.69100003282073885        5.2335480779787265     
  0.69150003284448758        5.2620868868875332     
  0.69200003286823630        5.2909276193915034     
  0.69250003289198503        5.3200751507247181     
  0.69300003291573375        5.3495344616341995     
  0.69350003293948248        5.3793106412499316     
  0.69400003296323121        5.4094088900490789     
  0.69450003298697993        5.4398345229180132     
  0.69500003301072866        5.4705929723159512     
  0.69550003303447738        5.5016897915441447     
  0.69600003305822611        5.5331306581247626     
  0.69650003308197483        5.5649213772937820     
  0.69700003310572356        5.5970678856123968     
  0.69750003312947229        5.6295762547016697     
  0.69800003315322101        5.6624526951053564     
  0.69850003317696974        5.6957035602860646     
  0.69900003320071846        5.7293353507601488     
  0.69950003322446719        5.7633547183769940     
  0.70000003324821591        5.7977684707486041     
  0.70050003327196464        5.8325835758356872     
  0.70100003329571337        5.8678071666967311     
  0.70150003331946209        5.9034465464068653     
  0.70200003334321082        5.9395091931536310     
  0.70250003336695954        5.9760027655171326     
  0.70300003339070827        6.0129351079423943     
  0.70350003341445699        6.0503142564121415     
  0.70400003343820572        6.0881484443286125     
  0.70450003346195444        6.1264461086134556     
  0.70500003348570317        6.1652158960351926     
  0.70550003350945190        6.2044666697742210     
  0.70600003353320062        6.2442075162358206     
  0.70650003355694935        6.2844477521221647     
  0.70700003358069807        6.3251969317749008     
  0.70750003360444680        6.3664648548004443     
  0.70800003362819552        6.4082615739907789     
  0.70850003365194425        6.4505974035532017     
  0.70900003367569298        6.4934829276631660     
  0.70950003369944170        6.5369290093551191     
  0.71000003372319043        6.5809467997670197     
  0.71050003374693915        6.6255477477550579     
  0.71100003377068788        6.6707436098959887     
  0.71150003379443660        6.7165464608954366     
  0.71200003381818533        6.7629687044215210     
  0.71250003384193406        6.8100230843842162     
  0.71300003386568278        6.8577226966819964     
  0.71350003388943151        6.9060810014384995     
  0.71400003391318023        6.9551118357532244     
  0.71450003393692896        7.0048294269916402     
  0.71500003396067768        7.0552484066415033     
  0.71550003398442641        7.1063838247637392     
  0.71600003400817513        7.1582511650678580     
  0.71650003403192386        7.2108663606436263     
  0.71700003405567259        7.2642458103825600     
  0.71750003407942131        7.3184063961247938     
  0.71800003410317004        7.3733655005689762     
  0.71850003412691876        7.4291410259851096     
  0.71900003415066749        7.4857514137726326     
  0.71950003417441621        7.5432156649086366     
  0.72000003419816494        7.6015533613338304     
  0.72050003422191367        7.6607846883268156     
  0.72100003424566239        7.7209304579203613     
  0.72150003426941112        7.7820121334167469     
  0.72200003429315984        7.8440518550628129     
  0.72250003431690857        7.9070724669492387     
  0.72300003434065729        7.9710975452026922     
  0.72350003436440602        8.0361514275439241     
  0.72400003438815475        8.1022592442896464     
  0.72450003441190347        8.1694469508811469     
  0.72500003443565220        8.2377413620280748     
  0.72550003445940092        8.3071701875617343     
  0.72600003448314965        8.3777620700985906     
  0.72650003450689837        8.4495466246215045     
  0.72700003453064710        8.5225544800935999     
  0.72750003455439582        8.5968173232275671     
  0.72800003457814455        8.6723679445417989     
  0.72850003460189328        8.7492402868439658     
  0.72900003462564200        8.8274694962926006     
  0.72950003464939073        8.9070919761980516     
  0.73000003467313945        8.9881454437357924     
  0.73050003469688818        9.0706689897576709     
  0.73100003472063690        9.1547031419003453     
  0.73150003474438563        9.2402899312049058     
  0.73200003476813436        9.3274729624777049     
  0.73250003479188308        9.4162974886398292     
  0.73300003481563181        9.5068104893314871     
  0.73350003483938053        9.5990607540581365     
  0.73400003486312926        9.6930989701874459     
  0.73450003488687798        9.7889778161304921     
  0.73500003491062671        9.8867520600670193     
  0.73550003493437544        9.9864786646034371     
  0.73600003495812416        10.088216897783655     
  0.73650003498187289        10.192028450907221     
  0.73700003500562161        10.297977563646766     
  0.73750003502937034        10.406131156997793     
  0.73800003505311906        10.516558974638826     
  0.73850003507686779        10.629333733329210     
  0.73900003510061651        10.744531283025832     
  0.73950003512436524        10.862230777459468     
  0.74000003514811397        10.982514855976545     
  0.74050003517186269        11.105469837523978     
  0.74100003519561142        11.231185927733634     
  0.74150003521936014        11.359757440150139     
  0.74200003524310887        11.491283032741851     
  0.74250003526685759        11.625865960940995     
  0.74300003529060632        11.763614348576430     
  0.74350003531435505        11.904641478192577     
  0.74400003533810377        12.049066102392196     
  0.74450003536185250        12.197012778000754     
  0.74500003538560122        12.348612225027948     
  0.74550003540934995        12.504001712599816     
  0.74600003543309867        12.663325474255352     
  0.74650003545684740        12.826735155247398     
  0.74700003548059613        12.994390294762384     
  0.74750003550434485        13.166458846280724     
  0.74800003552809358        13.343117739643905     
  0.74850003555184230        13.524553488780505     
  0.74900003557559103        13.710962849477175     
  0.74950003559933975        13.902553532068787     
  0.75000003562308848        14.099544974472078     
  0.75050003564683720        14.302169181608113     
  0.75100003567058593        14.510671637960945     
  0.75150003569433466        14.725312300815048     
  0.75200003571808338        14.946366682616237     
  0.75250003574183211        15.174127031926142     
  0.75300003576558083        15.408903623607902     
  0.75350003578932956        15.651026170212686     
  0.75400003581307828        15.900845368059349     
  0.75450003583682701        16.158734593243405     
  0.75500003586057574        16.425091764813288     
  0.75550003588432446        16.700341394654238     
  0.75600003590807319        16.984936846274390     
  0.75650003593182191        17.279362827754380     
  0.75700003595557064        17.584138147673471     
  0.75750003597931936        17.899818766948670     
  0.75800003600306809        18.227001184322564     
  0.75850003602681682        18.566326198835963     
  0.75900003605056554        18.918483099174377     
  0.75950003607431427        19.284214337466178     
  0.76000003609806299        19.664320754158084     
  0.76050003612181172        20.059667431272516     
  0.76100003614556044        20.471190263994743     
  0.76150003616930917        20.899903355555253     
  0.76200003619305789        21.346907358270386     
  0.76250003621680662        21.813398905008640     
  0.76300003624055535        22.300681301041617     
  0.76350003626430407        22.810176677192544     
  0.76400003628805280        23.343439842637167     
  0.76450003631180152        23.902174121187723     
  0.76500003633555025        24.488249510362209     
  0.76550003635929897        25.103723570509672     
  0.76600003638304770        25.750865534934881     
  0.76650003640679643        26.432184235478534     
  0.76700003643054515        27.150460566728370     
  0.76750003645429388        27.908785372968570     
  0.76800003647804260        28.710603844328244     
  0.76850003650179133        29.559767764553015     
  0.76900003652554005        30.460597278647178     
  0.76950003654928878        31.417954266153057     
  0.77000003657303751        32.437329944629262     
  0.77050003659678623        33.524950028379756     
  0.77100003662053496        34.687901685409791     
  0.77150003664428368        35.934287748553999     
  0.77200003666803241        37.273415253925378     
  0.77250003669178113        38.716027556577679     
  0.77300003671552986        40.274592233061767     
  0.77350003673927858        41.963661049083790     
  0.77400003676302731        43.800323928755127     
  0.77450003678677604        45.804786830669876     
  0.77500003681052476        48.001114811975853     
  0.77550003683427349        50.418198041826550     
  0.77600003685802221        53.091022784400842     
  0.77650003688177094        56.062365707221289     
  0.77700003690551966        59.385085341423711     
  0.77750003692926839        63.125270996105812     
  0.77800003695301712        67.366647393238779     
  0.77850003697676584        72.216859128599296     
  0.77900003700051457        77.816639514308179     
  0.77950003702426329        84.353530299794357     
  0.78000003704801202        92.083013401041001     
