   1.0000000474974513E-003   1.0000003808309573E-003
   2.0000000949949026E-003   2.0000027616661996E-003
   3.0000001424923539E-003   3.0000091425260115E-003
   4.0000001899898052E-003   4.0000215234626789E-003
   5.0000002374872565E-003   5.0000419045764894E-003
   6.0000002849847078E-003   6.0000722860317325E-003
   7.0000003324821591E-003   7.0001146680727039E-003
   8.0000003799796104E-003   8.0001710510397093E-003
   9.0000004274770617E-003   9.0002434353850715E-003
   1.0000000474974513E-002   1.0000333821689135E-002
   1.1000000522471964E-002   1.1000444210676280E-002
   1.2000000569969416E-002   1.2000576603230931E-002
   1.3000000617466867E-002   1.3000733000413574E-002
   1.4000000664964318E-002   1.4000915403476772E-002
   1.5000000712461770E-002   1.5001125813881192E-002
   1.6000000759959221E-002   1.6001366233311623E-002
   1.7000000807456672E-002   1.7001638663693010E-002
   1.8000000854954123E-002   1.8001945107206482E-002
   1.9000000902451575E-002   1.9002287566305391E-002
   2.0000000949949026E-002   2.0002668043731360E-002
   2.1000000997446477E-002   2.1003088542530319E-002
   2.2000001044943929E-002   2.2003551066068563E-002
   2.3000001092441380E-002   2.3004057618048811E-002
   2.4000001139938831E-002   2.4004610202526262E-002
   2.5000001187436283E-002   2.5005210823924671E-002
   2.6000001234933734E-002   2.6005861487052417E-002
   2.7000001282431185E-002   2.7006564197118596E-002
   2.8000001329928637E-002   2.8007320959749095E-002
   2.9000001377426088E-002   2.9008133781002702E-002
   3.0000001424923539E-002   3.0009004667387200E-002
   3.1000001472420990E-002   3.1009935625875482E-002
   3.2000001519918442E-002   3.2010928663921669E-002
   3.3000001567415893E-002   3.3011985789477227E-002
   3.4000001614913344E-002   3.4013109011007125E-002
   3.5000001662410796E-002   3.5014300337505952E-002
   3.6000001709908247E-002   3.6015561778514095E-002
   3.7000001757405698E-002   3.7016895344133882E-002
   3.8000001804903150E-002   3.8018303045045769E-002
   3.9000001852400601E-002   3.9019786892524506E-002
   4.0000001899898052E-002   4.0021348898455350E-002
   4.1000001947395504E-002   4.1022991075350242E-002
   4.2000001994892955E-002   4.2024715436364032E-002
   4.3000002042390406E-002   4.3026523995310720E-002
   4.4000002089887857E-002   4.4028418766679657E-002
   4.5000002137385309E-002   4.5030401765651824E-002
   4.6000002184882760E-002   4.6032475008116074E-002
   4.7000002232380211E-002   4.7034640510685399E-002
   4.8000002279877663E-002   4.8036900290713225E-002
   4.9000002327375114E-002   4.9039256366309701E-002
   5.0000002374872565E-002   5.0041710756358007E-002
   5.1000002422370017E-002   5.1044265480530683E-002
   5.2000002469867468E-002   5.2046922559305958E-002
   5.3000002517364919E-002   5.3049684013984091E-002
   5.4000002564862370E-002   5.4052551866703748E-002
   5.5000002612359822E-002   5.5055528140458380E-002
   5.6000002659857273E-002   5.6058614859112600E-002
   5.7000002707354724E-002   5.7061814047418606E-002
   5.8000002754852176E-002   5.8065127731032597E-002
   5.9000002802349627E-002   5.9068557936531207E-002
   6.0000002849847078E-002   6.0072106691427971E-002
   6.1000002897344530E-002   6.1075776024189767E-002
   6.2000002944841981E-002   6.2079567964253332E-002
   6.3000002992339432E-002   6.3083484542041754E-002
   6.4000003039836884E-002   6.4087527788980969E-002
   6.5000003087334335E-002   6.5091699737516343E-002
   6.6000003134831786E-002   6.6096002421129202E-002
   6.7000003182329237E-002   6.7100437874353380E-002
   6.8000003229826689E-002   6.8105008132791828E-002
   6.9000003277324140E-002   6.9109715233133251E-002
   7.0000003324821591E-002   7.0114561213168697E-002
   7.1000003372319043E-002   7.1119548111808206E-002
   7.2000003419816494E-002   7.2124677969097495E-002
   7.3000003467313945E-002   7.3129952826234620E-002
   7.4000003514811397E-002   7.4135374725586692E-002
   7.5000003562308848E-002   7.5140945710706605E-002
   7.6000003609806299E-002   7.6146667826349768E-002
   7.7000003657303751E-002   7.7152543118490874E-002
   7.8000003704801202E-002   7.8158573634340700E-002
   7.9000003752298653E-002   7.9164761422362895E-002
   8.0000003799796104E-002   8.0171108532290813E-002
   8.1000003847293556E-002   8.1177617015144365E-002
   8.2000003894791007E-002   8.2184288923246918E-002
   8.3000003942288458E-002   8.3191126310242156E-002
   8.4000003989785910E-002   8.4198131231110987E-002
   8.5000004037283361E-002   8.5205305742188542E-002
   8.6000004084780812E-002   8.6212651901181089E-002
   8.7000004132278264E-002   8.7220171767183025E-002
   8.8000004179775715E-002   8.8227867400693910E-002
   8.9000004227273166E-002   8.9235740863635504E-002
   9.0000004274770617E-002   9.0243794219368789E-002
   9.1000004322268069E-002   9.1252029532711110E-002
   9.2000004369765520E-002   9.2260448869953243E-002
   9.3000004417262971E-002   9.3269054298876553E-002
   9.4000004464760423E-002   9.4277847888770153E-002
   9.5000004512257874E-002   9.5286831710448078E-002
   9.6000004559755325E-002   9.6296007836266531E-002
   9.7000004607252777E-002   9.7305378340141080E-002
   9.8000004654750228E-002   9.8314945297563960E-002
   9.9000004702247679E-002   9.9324710785621356E-002
  0.10000000474974513       0.10033467688301075     
  0.10100000479724258       0.10134484567005821     
  0.10200000484474003       0.10235521922873585     
  0.10300000489223748       0.10336579964267918     
  0.10400000493973494       0.10437658899720459     
  0.10500000498723239       0.10538758937932674     
  0.10600000503472984       0.10639880287777613     
  0.10700000508222729       0.10741023158301660     
  0.10800000512972474       0.10842187758726289     
  0.10900000517722219       0.10943374298449819     
  0.11000000522471964       0.11044582987049183     
  0.11100000527221709       0.11145814034281683     
  0.11200000531971455       0.11247067650086769     
  0.11300000536721200       0.11348344044587799     
  0.11400000541470945       0.11449643428093824     
  0.11500000546220690       0.11550966011101357     
  0.11600000550970435       0.11652312004296159     
  0.11700000555720180       0.11753681618555017     
  0.11800000560469925       0.11855075064947541     
  0.11900000565219671       0.11956492554737945     
  0.12000000569969416       0.12057934299386848     
  0.12100000574719161       0.12159400510553070     
  0.12200000579468906       0.12260891400095429     
  0.12300000584218651       0.12362407180074553     
  0.12400000588968396       0.12463948062754680     
  0.12500000593718141       0.12565514260605479     
  0.12600000598467886       0.12667105986303853     
  0.12700000603217632       0.12768723452735772     
  0.12800000607967377       0.12870366872998085     
  0.12900000612717122       0.12972036460400349     
  0.13000000617466867       0.13073732428466664     
  0.13100000622216612       0.13175454990937499     
  0.13200000626966357       0.13277204361771536     
  0.13300000631716102       0.13378980755147504     
  0.13400000636465847       0.13480784385466038     
  0.13500000641215593       0.13582615467351514     
  0.13600000645965338       0.13684474215653905     
  0.13700000650715083       0.13786360845450646     
  0.13800000655464828       0.13888275572048486     
  0.13900000660214573       0.13990218610985364     
  0.14000000664964318       0.14092190178032260     
  0.14100000669714063       0.14194190489195091     
  0.14200000674463809       0.14296219760716572     
  0.14300000679213554       0.14398278209078103     
  0.14400000683963299       0.14500366051001656     
  0.14500000688713044       0.14602483503451666     
  0.14600000693462789       0.14704630783636921     
  0.14700000698212534       0.14806808109012468     
  0.14800000702962279       0.14909015697281505     
  0.14900000707712024       0.15011253766397303     
  0.15000000712461770       0.15113522534565108     
  0.15100000717211515       0.15215822220244057     
  0.15200000721961260       0.15318153042149105     
  0.15300000726711005       0.15420515219252948     
  0.15400000731460750       0.15522908970787955     
  0.15500000736210495       0.15625334516248096     
  0.15600000740960240       0.15727792075390892     
  0.15700000745709985       0.15830281868239349     
  0.15800000750459731       0.15932804115083912     
  0.15900000755209476       0.16035359036484420     
  0.16000000759959221       0.16137946853272062     
  0.16100000764708966       0.16240567786551338     
  0.16200000769458711       0.16343222057702037     
  0.16300000774208456       0.16445909888381194     
  0.16400000778958201       0.16548631500525085     
  0.16500000783707947       0.16651387116351202     
  0.16600000788457692       0.16754176958360237     
  0.16700000793207437       0.16857001249338083     
  0.16800000797957182       0.16959860212357827     
  0.16900000802706927       0.17062754070781763     
  0.17000000807456672       0.17165683048263386     
  0.17100000812206417       0.17268647368749412     
  0.17200000816956162       0.17371647256481809     
  0.17300000821705908       0.17474682935999802     
  0.17400000826455653       0.17577754632141915     
  0.17500000831205398       0.17680862570048003     
  0.17600000835955143       0.17784006975161298     
  0.17700000840704888       0.17887188073230442     
  0.17800000845454633       0.17990406090311556     
  0.17900000850204378       0.18093661252770282     
  0.18000000854954123       0.18196953787283857     
  0.18100000859703869       0.18300283920843174     
  0.18200000864453614       0.18403651880754859     
  0.18300000869203359       0.18507057894643356     
  0.18400000873953104       0.18610502190453002     
  0.18500000878702849       0.18713984996450128     
  0.18600000883452594       0.18817506541225154     
  0.18700000888202339       0.18921067053694687     
  0.18800000892952085       0.19024666763103637     
  0.18900000897701830       0.19128305899027331     
  0.19000000902451575       0.19231984691373630     
  0.19100000907201320       0.19335703370385060     
  0.19200000911951065       0.19439462166640947     
  0.19300000916700810       0.19543261311059551     
  0.19400000921450555       0.19647101034900216     
  0.19500000926200300       0.19750981569765522     
  0.19600000930950046       0.19854903147603439     
  0.19700000935699791       0.19958866000709499     
  0.19800000940449536       0.20062870361728957     
  0.19900000945199281       0.20166916463658982     
  0.20000000949949026       0.20271004539850826     
  0.20100000954698771       0.20375134824012023     
  0.20200000959448516       0.20479307550208586     
  0.20300000964198261       0.20583522952867209     
  0.20400000968948007       0.20687781266777475     
  0.20500000973697752       0.20792082727094074     
  0.20600000978447497       0.20896427569339029     
  0.20700000983197242       0.21000816029403926     
  0.20800000987946987       0.21105248343552149     
  0.20900000992696732       0.21209724748421122     
  0.21000000997446477       0.21314245481024566     
  0.21100001002196223       0.21418810778754754     
  0.21200001006945968       0.21523420879384775     
  0.21300001011695713       0.21628076021070805     
  0.21400001016445458       0.21732776442354393     
  0.21500001021195203       0.21837522382164740     
  0.21600001025944948       0.21942314079820993     
  0.21700001030694693       0.22047151775034551     
  0.21800001035444438       0.22152035707911369     
  0.21900001040194184       0.22256966118954272     
  0.22000001044943929       0.22361943249065283     
  0.22100001049693674       0.22466967339547950     
  0.22200001054443419       0.22572038632109681     
  0.22300001059193164       0.22677157368864101     
  0.22400001063942909       0.22782323792333387     
  0.22500001068692654       0.22887538145450645     
  0.22600001073442400       0.22992800671562269     
  0.22700001078192145       0.23098111614430322     
  0.22800001082941890       0.23203471218234917     
  0.22900001087691635       0.23308879727576606     
  0.23000001092441380       0.23414337387478790     
  0.23100001097191125       0.23519844443390114     
  0.23200001101940870       0.23625401141186891     
  0.23300001106690615       0.23731007727175524     
  0.23400001111440361       0.23836664448094938     
  0.23500001116190106       0.23942371551119015     
  0.23600001120939851       0.24048129283859054     
  0.23700001125689596       0.24153937894366215     
  0.23800001130439341       0.24259797631133989     
  0.23900001135189086       0.24365708743100672     
  0.24000001139938831       0.24471671479651849     
  0.24100001144688576       0.24577686090622877     
  0.24200001149438322       0.24683752826301392     
  0.24300001154188067       0.24789871937429811     
  0.24400001158937812       0.24896043675207852     
  0.24500001163687557       0.25002268291295054     
  0.24600001168437302       0.25108546037813312     
  0.24700001173187047       0.25214877167349425     
  0.24800001177936792       0.25321261932957639     
  0.24900001182686538       0.25427700588162216     
  0.25000001187436283       0.25534193386959997     
  0.25100001192186028       0.25640740583822974     
  0.25200001196935773       0.25747342433700898     
  0.25300001201685518       0.25853999192023858     
  0.25400001206435263       0.25960711114704887     
  0.25500001211185008       0.26067478458142590     
  0.25600001215934753       0.26174301479223755     
  0.25700001220684499       0.26281180435325996     
  0.25800001225434244       0.26388115584320393     
  0.25900001230183989       0.26495107184574146     
  0.26000001234933734       0.26602155494953239     
  0.26100001239683479       0.26709260774825100     
  0.26200001244433224       0.26816423284061308     
  0.26300001249182969       0.26923643283040261     
  0.26400001253932714       0.27030921032649885     
  0.26500001258682460       0.27138256794290355     
  0.26600001263432205       0.27245650829876800     
  0.26700001268181950       0.27353103401842049     
  0.26800001272931695       0.27460614773139369     
  0.26900001277681440       0.27568185207245210     
  0.27000001282431185       0.27675814968161977     
  0.27100001287180930       0.27783504320420793     
  0.27200001291930676       0.27891253529084287     
  0.27300001296680421       0.27999062859749385     
  0.27400001301430166       0.28106932578550115     
  0.27500001306179911       0.28214862952160419     
  0.27600001310929656       0.28322854247796986     
  0.27700001315679401       0.28430906733222078     
  0.27800001320429146       0.28539020676746379     
  0.27900001325178891       0.28647196347231851     
  0.28000001329928637       0.28755434014094605     
  0.28100001334678382       0.28863733947307779     
  0.28200001339428127       0.28972096417404425     
  0.28300001344177872       0.29080521695480410     
  0.28400001348927617       0.29189010053197334     
  0.28500001353677362       0.29297561762785451     
  0.28600001358427107       0.29406177097046599     
  0.28700001363176852       0.29514856329357148     
  0.28800001367926598       0.29623599733670963     
  0.28900001372676343       0.29732407584522369     
  0.29000001377426088       0.29841280157029126     
  0.29100001382175833       0.29950217726895434     
  0.29200001386925578       0.30059220570414924     
  0.29300001391675323       0.30168288964473683     
  0.29400001396425068       0.30277423186553276     
  0.29500001401174814       0.30386623514733785     
  0.29600001405924559       0.30495890227696876     
  0.29700001410674304       0.30605223604728837     
  0.29800001415424049       0.30714623925723672     
  0.29900001420173794       0.30824091471186182     
  0.30000001424923539       0.30933626522235075     
  0.30100001429673284       0.31043229360606062     
  0.30200001434423029       0.31152900268655004     
  0.30300001439172775       0.31262639529361025     
  0.30400001443922520       0.31372447426329686     
  0.30500001448672265       0.31482324243796134     
  0.30600001453422010       0.31592270266628286     
  0.30700001458171755       0.31702285780330003     
  0.30800001462921500       0.31812371071044315     
  0.30900001467671245       0.31922526425556619     
  0.31000001472420990       0.32032752131297909     
  0.31100001477170736       0.32143048476348030     
  0.31200001481920481       0.32253415749438907     
  0.31300001486670226       0.32363854239957845     
  0.31400001491419971       0.32474364237950781     
  0.31500001496169716       0.32584946034125600     
  0.31600001500919461       0.32695599919855428     
  0.31700001505669206       0.32806326187181967     
  0.31800001510418952       0.32917125128818819     
  0.31900001515168697       0.33027997038154849     
  0.32000001519918442       0.33138942209257538     
  0.32100001524668187       0.33249960936876366     
  0.32200001529417932       0.33361053516446193     
  0.32300001534167677       0.33472220244090684     
  0.32400001538917422       0.33583461416625715     
  0.32500001543667167       0.33694777331562809     
  0.32600001548416913       0.33806168287112592     
  0.32700001553166658       0.33917634582188255     
  0.32800001557916403       0.34029176516409027     
  0.32900001562666148       0.34140794390103668     
  0.33000001567415893       0.34252488504313983     
  0.33100001572165638       0.34364259160798338     
  0.33200001576915383       0.34476106662035211     
  0.33300001581665128       0.34588031311226725     
  0.33400001586414874       0.34700033412302228     
  0.33500001591164619       0.34812113269921885     
  0.33600001595914364       0.34924271189480255     
  0.33700001600664109       0.35036507477109918     
  0.33800001605413854       0.35148822439685112     
  0.33900001610163599       0.35261216384825367     
  0.34000001614913344       0.35373689620899162     
  0.34100001619663090       0.35486242457027622     
  0.34200001624412835       0.35598875203088187     
  0.34300001629162580       0.35711588169718339     
  0.34400001633912325       0.35824381668319316     
  0.34500001638662070       0.35937256011059870     
  0.34600001643411815       0.36050211510879998     
  0.34700001648161560       0.36163248481494742     
  0.34800001652911305       0.36276367237397972     
  0.34900001657661051       0.36389568093866181     
  0.35000001662410796       0.36502851366962324     
  0.35100001667160541       0.36616217373539661     
  0.35200001671910286       0.36729666431245600     
  0.35300001676660031       0.36843198858525583     
  0.35400001681409776       0.36956814974626984     
  0.35500001686159521       0.37070515099602996     
  0.35600001690909266       0.37184299554316591     
  0.35700001695659012       0.37298168660444431     
  0.35800001700408757       0.37412122740480852     
  0.35900001705158502       0.37526162117741846     
  0.36000001709908247       0.37640287116369037     
  0.36100001714657992       0.37754498061333713     
  0.36200001719407737       0.37868795278440864     
  0.36300001724157482       0.37983179094333225     
  0.36400001728907228       0.38097649836495340     
  0.36500001733656973       0.38212207833257666     
  0.36600001738406718       0.38326853413800666     
  0.36700001743156463       0.38441586908158948     
  0.36800001747906208       0.38556408647225393     
  0.36900001752655953       0.38671318962755336     
  0.37000001757405698       0.38786318187370733     
  0.37100001762155443       0.38901406654564369     
  0.37200001766905189       0.39016584698704082     
  0.37300001771654934       0.39131852655036997     
  0.37400001776404679       0.39247210859693782     
  0.37500001781154424       0.39362659649692938     
  0.37600001785904169       0.39478199362945088     
  0.37700001790653914       0.39593830338257291     
  0.37800001795403659       0.39709552915337393     
  0.37900001800153404       0.39825367434798381     
  0.38000001804903150       0.39941274238162755     
  0.38100001809652895       0.40057273667866927     
  0.38200001814402640       0.40173366067265648     
  0.38300001819152385       0.40289551780636446     
  0.38400001823902130       0.40405831153184074     
  0.38500001828651875       0.40522204531045003     
  0.38600001833401620       0.40638672261291925     
  0.38700001838151366       0.40755234691938269     
  0.38800001842901111       0.40871892171942742     
  0.38900001847650856       0.40988645051213912     
  0.39000001852400601       0.41105493680614769     
  0.39100001857150346       0.41222438411967355     
  0.39200001861900091       0.41339479598057383     
  0.39300001866649836       0.41456617592638895     
  0.39400001871399581       0.41573852750438933     
  0.39500001876149327       0.41691185427162236     
  0.39600001880899072       0.41808615979495950     
  0.39700001885648817       0.41926144765114387     
  0.39800001890398562       0.42043772142683777     
  0.39900001895148307       0.42161498471867043     
  0.40000001899898052       0.42279324113328637     
  0.40100001904647797       0.42397249428739348     
  0.40200001909397542       0.42515274780781159     
  0.40300001914147288       0.42633400533152149     
  0.40400001918897033       0.42751627050571361     
  0.40500001923646778       0.42869954698783752     
  0.40600001928396523       0.42988383844565126     
  0.40700001933146268       0.43106914855727119     
  0.40800001937896013       0.43225548101122185     
  0.40900001942645758       0.43344283950648632     
  0.41000001947395504       0.43463122775255647     
  0.41100001952145249       0.43582064946948379     
  0.41200001956894994       0.43701110838793022     
  0.41300001961644739       0.43820260824921958     
  0.41400001966394484       0.43939515280538871     
  0.41500001971144229       0.44058874581923929     
  0.41600001975893974       0.44178339106438985     
  0.41700001980643719       0.44297909232532784     
  0.41800001985393465       0.44417585339746218     
  0.41900001990143210       0.44537367808717587     
  0.42000001994892955       0.44657257021187907     
  0.42100001999642700       0.44777253360006219     
  0.42200002004392445       0.44897357209134947     
  0.42300002009142190       0.45017568953655274     
  0.42400002013891935       0.45137888979772545     
  0.42500002018641680       0.45258317674821680     
  0.42600002023391426       0.45378855427272646     
  0.42700002028141171       0.45499502626735933     
  0.42800002032890916       0.45620259663968066     
  0.42900002037640661       0.45741126930877141     
  0.43000002042390406       0.45862104820528382     
  0.43100002047140151       0.45983193727149740     
  0.43200002051889896       0.46104394046137520     
  0.43300002056639642       0.46225706174062020     
  0.43400002061389387       0.46347130508673201     
  0.43500002066139132       0.46468667448906403     
  0.43600002070888877       0.46590317394888076     
  0.43700002075638622       0.46712080747941537     
  0.43800002080388367       0.46833957910592772     
  0.43900002085138112       0.46955949286576243     
  0.44000002089887857       0.47078055280840747     
  0.44100002094637603       0.47200276299555294     
  0.44200002099387348       0.47322612750115006     
  0.44300002104137093       0.47445065041147078     
  0.44400002108886838       0.47567633582516716     
  0.44500002113636583       0.47690318785333163     
  0.44600002118386328       0.47813121061955721     
  0.44700002123136073       0.47936040825999798     
  0.44800002127885818       0.48059078492343021     
  0.44900002132635564       0.48182234477131347     
  0.45000002137385309       0.48305509197785212     
  0.45100002142135054       0.48428903073005719     
  0.45200002146884799       0.48552416522780867     
  0.45300002151634544       0.48676049968391782     
  0.45400002156384289       0.48799803832419014     
  0.45500002161134034       0.48923678538748833     
  0.45600002165883780       0.49047674512579587     
  0.45700002170633525       0.49171792180428081     
  0.45800002175383270       0.49296031970135978     
  0.45900002180133015       0.49420394310876248     
  0.46000002184882760       0.49544879633159655     
  0.46100002189632505       0.49669488368841253     
  0.46200002194382250       0.49794220951126938     
  0.46300002199131995       0.49919077814580037     
  0.46400002203881741       0.50044059395127904     
  0.46500002208631486       0.50169166130068577     
  0.46600002213381231       0.50294398458077461     
  0.46700002218130976       0.50419756819214034     
  0.46800002222880721       0.50545241654928630     
  0.46900002227630466       0.50670853408069183     
  0.47000002232380211       0.50796592522888084     
  0.47100002237129956       0.50922459445049029     
  0.47200002241879702       0.51048454621633899     
  0.47300002246629447       0.51174578501149737     
  0.47400002251379192       0.51300831533535651     
  0.47500002256128937       0.51427214170169888     
  0.47600002260878682       0.51553726863876814     
  0.47700002265628427       0.51680370068934034     
  0.47800002270378172       0.51807144241079484     
  0.47900002275127918       0.51934049837518603     
  0.48000002279877663       0.52061087316931520     
  0.48100002284627408       0.52188257139480276     
  0.48200002289377153       0.52315559766816111     
  0.48300002294126898       0.52442995662086733     
  0.48400002298876643       0.52570565289943716     
  0.48500002303626388       0.52698269116549856     
  0.48600002308376133       0.52826107609586592     
  0.48700002313125879       0.52954081238261486     
  0.48800002317875624       0.53082190473315716     
  0.48900002322625369       0.53210435787031640     
  0.49000002327375114       0.53338817653240356     
  0.49100002332124859       0.53467336547329336     
  0.49200002336874604       0.53595992946250115     
  0.49300002341624349       0.53724787328525969     
  0.49400002346374094       0.53853720174259689     
  0.49500002351123840       0.53982791965141363     
  0.49600002355873585       0.54112003184456214     
  0.49700002360623330       0.54241354317092472     
  0.49800002365373075       0.54370845849549299     
  0.49900002370122820       0.54500478269944741     
  0.50000002374872565       0.54630252068023755     
  0.50100002379622310       0.54760167735166243     
  0.50200002384372056       0.54890225764395140     
  0.50300002389121801       0.55020426650384580     
  0.50400002393871546       0.55150770889468048     
  0.50500002398621291       0.55281258979646619     
  0.50600002403371036       0.55411891420597226     
  0.50700002408120781       0.55542668713680976     
  0.50800002412870526       0.55673591361951535     
  0.50900002417620271       0.55804659870163509     
  0.51000002422370017       0.55935874744780900     
  0.51100002427119762       0.56067236493985639     
  0.51200002431869507       0.56198745627686097     
  0.51300002436619252       0.56330402657525713     
  0.51400002441368997       0.56462208096891597     
  0.51500002446118742       0.56594162460923270     
  0.51600002450868487       0.56726266266521364     
  0.51700002455618232       0.56858520032356430     
  0.51800002460367978       0.56990924278877786     
  0.51900002465117723       0.57123479528322363     
  0.52000002469867468       0.57256186304723677     
  0.52100002474617213       0.57389045133920791     
  0.52200002479366958       0.57522056543567379     
  0.52300002484116703       0.57655221063140794     
  0.52400002488866448       0.57788539223951185     
  0.52500002493616194       0.57922011559150732     
  0.52600002498365939       0.58055638603742832     
  0.52700002503115684       0.58189420894591426     
  0.52800002507865429       0.58323358970430339     
  0.52900002512615174       0.58457453371872670     
  0.53000002517364919       0.58591704641420239     
  0.53100002522114664       0.58726113323473084     
  0.53200002526864409       0.58860679964339035     
  0.53300002531614155       0.58995405112243304     
  0.53400002536363900       0.59130289317338169     
  0.53500002541113645       0.59265333131712683     
  0.53600002545863390       0.59400537109402440     
  0.53700002550613135       0.59535901806399416     
  0.53800002555362880       0.59671427780661856     
  0.53900002560112625       0.59807115592124216     
  0.54000002564862370       0.59942965802707138     
  0.54100002569612116       0.60078978976327546     
  0.54200002574361861       0.60215155678908727     
  0.54300002579111606       0.60351496478390521     
  0.54400002583861351       0.60488001944739545     
  0.54500002588611096       0.60624672649959466     
  0.54600002593360841       0.60761509168101369     
  0.54700002598110586       0.60898512075274158     
  0.54800002602860332       0.61035681949655007     
  0.54900002607610077       0.61173019371499926     
  0.55000002612359822       0.61310524923154286     
  0.55100002617109567       0.61448199189063535     
  0.55200002621859312       0.61586042755783854     
  0.55300002626609057       0.61724056211992961     
  0.55400002631358802       0.61862240148500924     
  0.55500002636108547       0.62000595158261085     
  0.55600002640858293       0.62139121836380984     
  0.55700002645608038       0.62277820780133430     
  0.55800002650357783       0.62416692588967537     
  0.55900002655107528       0.62555737864519922     
  0.56000002659857273       0.62694957210625890     
  0.56100002664607018       0.62834351233330743     
  0.56200002669356763       0.62973920540901107     
  0.56300002674106508       0.63113665743836367     
  0.56400002678856254       0.63253587454880122     
  0.56500002683605999       0.63393686289031781     
  0.56600002688355744       0.63533962863558135     
  0.56700002693105489       0.63674417798005079     
  0.56800002697855234       0.63815051714209325     
  0.56900002702604979       0.63955865236310283     
  0.57000002707354724       0.64096858990761896     
  0.57100002712104470       0.64238033606344636     
  0.57200002716854215       0.64379389714177548     
  0.57300002721603960       0.64520927947730344     
  0.57400002726353705       0.64662648942835566     
  0.57500002731103450       0.64804553337700865     
  0.57600002735853195       0.64946641772921299     
  0.57700002740602940       0.65088914891491745     
  0.57800002745352685       0.65231373338819365     
  0.57900002750102431       0.65374017762736158     
  0.58000002754852176       0.65516848813511552     
  0.58100002759601921       0.65659867143865147     
  0.58200002764351666       0.65803073408979429     
  0.58300002769101411       0.65946468266512659     
  0.58400002773851156       0.66090052376611785     
  0.58500002778600901       0.66233826401925433     
  0.58600002783350646       0.66377791007617015     
  0.58700002788100392       0.66521946861377856     
  0.58800002792850137       0.66666294633440448     
  0.58900002797599882       0.66810834996591761     
  0.59000002802349627       0.66955568626186668     
  0.59100002807099372       0.67100496200161364     
  0.59200002811849117       0.67245618399047002     
  0.59300002816598862       0.67390935905983274     
  0.59400002821348608       0.67536449406732169     
  0.59500002826098353       0.67682159589691782     
  0.59600002830848098       0.67828067145910176     
  0.59700002835597843       0.67974172769099406     
  0.59800002840347588       0.68120477155649539     
  0.59900002845097333       0.68266981004642846     
  0.60000002849847078       0.68413685017867987     
  0.60100002854596823       0.68560589899834357     
  0.60200002859346569       0.68707696357786519     
  0.60300002864096314       0.68855005101718658     
  0.60400002868846059       0.69002516844389195     
  0.60500002873595804       0.69150232301335457     
  0.60600002878345549       0.69298152190888440     
  0.60700002883095294       0.69446277234187681     
  0.60800002887845039       0.69594608155196169     
  0.60900002892594784       0.69743145680715446     
  0.61000002897344530       0.69891890540400670     
  0.61100002902094275       0.70040843466775915     
  0.61200002906844020       0.70190005195249427     
  0.61300002911593765       0.70339376464129089     
  0.61400002916343510       0.70488958014637915     
  0.61500002921093255       0.70638750590929655     
  0.61600002925843000       0.70788754940104504     
  0.61700002930592746       0.70938971812224905     
  0.61800002935342491       0.71089401960331466     
  0.61900002940092236       0.71240046140458935     
  0.62000002944841981       0.71390905111652314     
  0.62100002949591726       0.71541979635983077     
  0.62200002954341471       0.71693270478565441     
  0.62300002959091216       0.71844778407572796     
  0.62400002963840961       0.71996504194254218     
  0.62500002968590707       0.72148448612951055     
  0.62600002973340452       0.72300612441113665     
  0.62700002978090197       0.72452996459318220     
  0.62800002982839942       0.72605601451283674     
  0.62900002987589687       0.72758428203888748     
  0.63000002992339432       0.72911477507189104     
  0.63100002997089177       0.73064750154434588     
  0.63200003001838923       0.73218246942086596     
  0.63300003006588668       0.73371968669835519     
  0.63400003011338413       0.73525916140618364     
  0.63500003016088158       0.73680090160636424     
  0.63600003020837903       0.73834491539373093     
  0.63700003025587648       0.73989121089611765     
  0.63800003030337393       0.74143979627453882     
  0.63900003035087138       0.74299067972337107     
  0.64000003039836884       0.74454386947053541     
  0.64100003044586629       0.74609937377768143     
  0.64200003049336374       0.74765720094037202     
  0.64300003054086119       0.74921735928826982     
  0.64400003058835864       0.75077985718532447     
  0.64500003063585609       0.75234470302996104     
  0.64600003068335354       0.75391190525526997     
  0.64700003073085099       0.75548147232919827     
  0.64800003077834845       0.75705341275474147     
  0.64900003082584590       0.75862773507013725     
  0.65000003087334335       0.76020444784906005     
  0.65100003092084080       0.76178355970081746     
  0.65200003096833825       0.76336507927054686     
  0.65300003101583570       0.76494901523941472     
  0.65400003106333315       0.76653537632481583     
  0.65500003111083061       0.76812417128057475     
  0.65600003115832806       0.76971540889714818     
  0.65700003120582551       0.77130909800182867     
  0.65800003125332296       0.77290524745895006     
  0.65900003130082041       0.77450386617009348     
  0.66000003134831786       0.77610496307429544     
  0.66100003139581531       0.77770854714825677     
  0.66200003144331276       0.77931462740655344     
  0.66300003149081022       0.78092321290184818     
  0.66400003153830767       0.78253431272510388     
  0.66500003158580512       0.78414793600579846     
  0.66600003163330257       0.78576409191214092     
  0.66700003168080002       0.78738278965128849     
  0.66800003172829747       0.78900403846956635     
  0.66900003177579492       0.79062784765268745     
  0.67000003182329237       0.79225422652597466     
  0.67100003187078983       0.79388318445458417     
  0.67200003191828728       0.79551473084373014     
  0.67300003196578473       0.79714887513891119     
  0.67400003201328218       0.79878562682613830     
  0.67500003206077963       0.80042499543216405     
  0.67600003210827708       0.80206699052471342     
  0.67700003215577453       0.80371162171271660     
  0.67800003220327199       0.80535889864654242     
  0.67900003225076944       0.80700883101823440     
  0.68000003229826689       0.80866142856174772     
  0.68100003234576434       0.81031670105318765     
  0.68200003239326179       0.81197465831105031     
  0.68300003244075924       0.81363531019646440     
  0.68400003248825669       0.81529866661343464     
  0.68500003253575414       0.81696473750908716     
  0.68600003258325160       0.81863353287391638     
  0.68700003263074905       0.82030506274203341     
  0.68800003267824650       0.82197933719141625     
  0.68900003272574395       0.82365636634416173     
  0.69000003277324140       0.82533616036673918     
  0.69100003282073885       0.82701872947024579     
  0.69200003286823630       0.82870408391066341     
  0.69300003291573375       0.83039223398911755     
  0.69400003296323121       0.83208319005213793     
  0.69500003301072866       0.83377696249192101     
  0.69600003305822611       0.83547356174659371     
  0.69700003310572356       0.83717299830047975     
  0.69800003315322101       0.83887528268436717     
  0.69900003320071846       0.84058042547577805     
  0.70000003324821591       0.84228843729923997     
  0.70100003329571337       0.84399932882655915     
  0.70200003334321082       0.84571311077709588     
  0.70300003339070827       0.84742979391804141     
  0.70400003343820572       0.84914938906469706     
  0.70500003348570317       0.85087190708075500     
  0.70600003353320062       0.85259735887858135     
  0.70700003358069807       0.85432575541950073     
  0.70800003362819552       0.85605710771408317     
  0.70900003367569298       0.85779142682243292     
  0.71000003372319043       0.85952872385447920     
  0.71100003377068788       0.86126900997026901     
  0.71200003381818533       0.86301229638026189     
  0.71300003386568278       0.86475859434562685     
  0.71400003391318023       0.86650791517854131     
  0.71500003396067768       0.86826027024249230     
  0.71600003400817513       0.87001567095257959     
  0.71700003405567259       0.87177412877582061     
  0.71800003410317004       0.87353565523145826     
  0.71900003415066749       0.87530026189127041     
  0.72000003419816494       0.87706796037988144     
  0.72100003424566239       0.87883876237507652     
  0.72200003429315984       0.88061267960811751     
  0.72300003434065729       0.88238972386406134     
  0.72400003438815475       0.88416990698208087     
  0.72500003443565220       0.88595324085578731     
  0.72600003448314965       0.88773973743355605     
  0.72700003453064710       0.88952940871885355     
  0.72800003457814455       0.89132226677056758     
  0.72900003462564200       0.89311832370333910     
  0.73000003467313945       0.89491759168789675     
  0.73100003472063690       0.89672008295139405     
  0.73200003476813436       0.89852580977774843     
  0.73300003481563181       0.90033478450798288     
  0.73400003486312926       0.90214701954057042     
  0.73500003491062671       0.90396252733178051     
  0.73600003495812416       0.90578132039602810     
  0.73700003500562161       0.90760341130622546     
  0.73800003505311906       0.90942881269413600     
  0.73900003510061651       0.91125753725073122     
  0.74000003514811397       0.91308959772654996     
  0.74100003519561142       0.91492500693205991     
  0.74200003524310887       0.91676377773802264     
  0.74300003529060632       0.91860592307585998     
  0.74400003533810377       0.92045145593802424     
  0.74500003538560122       0.92230038937837067     
  0.74600003543309867       0.92415273651253216     
  0.74700003548059613       0.92600851051829758     
  0.74800003552809358       0.92786772463599188     
  0.74900003557559103       0.92973039216885978     
  0.75000003562308848       0.93159652648345193     
  0.75100003567058593       0.93346614101001368     
  0.75200003571808338       0.93533924924287704     
  0.75300003576558083       0.93721586474085539     
  0.75400003581307828       0.93909600112764080     
  0.75500003586057574       0.94097967209220501     
  0.75600003590807319       0.94286689138920232     
  0.75700003595557064       0.94475767283937639     
  0.75800003600306809       0.94665203032996936     
  0.75900003605056554       0.94854997781513450     
  0.76000003609806299       0.95045152931635135     
  0.76100003614556044       0.95235669892284458     
  0.76200003619305789       0.95426550079200545     
  0.76300003624055535       0.95617794914981646     
  0.76400003628805280       0.95809405829127947     
  0.76500003633555025       0.96001384258084665     
  0.76600003638304770       0.96193731645285463     
  0.76700003643054515       0.96386449441196231     
  0.76800003647804260       0.96579539103359135     
  0.76900003652554005       0.96773002096437033     
  0.77000003657303751       0.96966839892258228     
  0.77100003662053496       0.97161053969861522     
  0.77200003666803241       0.97355645815541647     
  0.77300003671552986       0.97550616922894995     
  0.77400003676302731       0.97745968792865712     
  0.77500003681052476       0.97941702933792174     
  0.77600003685802221       0.98137820861453751     
  0.77700003690551966       0.98334324099117965     
  0.77800003695301712       0.98531214177587967     
  0.77900003700051457       0.98728492635250431     
  0.78000003704801202       0.98926161018123759     
  0.78100003709550947       0.99124220879906688     
  0.78200003714300692       0.99322673782027204     
  0.78300003719050437       0.99521521293691917     
  0.78400003723800182       0.99720764991935751     
  0.78500003728549927       0.99920406461672018     
  0.78600003733299673        1.0012044729574290     
  0.78700003738049418        1.0032088909497028     
  0.78800003742799163        1.0052173346820699     
  0.78900003747548908        1.0072298203238848     
  0.79000003752298653        1.0092463641258478     
  0.79100003757048398        1.0112669824205300     
  0.79200003761798143        1.0132916916229011     
  0.79300003766547889        1.0153205082308618     
  0.79400003771297634        1.0173534488257805     
  0.79500003776047379        1.0193905300730339     
  0.79600003780797124        1.0214317687225520     
  0.79700003785546869        1.0234771816093668     
  0.79800003790296614        1.0255267856541654     
  0.79900003795046359        1.0275805978638484     
  0.80000003799796104        1.0296386353320908     
  0.80100003804545850        1.0317009152399090     
  0.80200003809295595        1.0337674548562314     
  0.80300003814045340        1.0358382715384733     
  0.80400003818795085        1.0379133827331166     
  0.80500003823544830        1.0399928059762942     
  0.80600003828294575        1.0420765588943783     
  0.80700003833044320        1.0441646592045744     
  0.80800003837794065        1.0462571247155188     
  0.80900003842543811        1.0483539733278815     
  0.81000003847293556        1.0504552230349740     
  0.81100003852043301        1.0525608919233609     
  0.81200003856793046        1.0546709981734776     
  0.81300003861542791        1.0567855600602520     
  0.81400003866292536        1.0589045959537315     
  0.81500003871042281        1.0610281243197150     
  0.81600003875792027        1.0631561637203892     
  0.81700003880541772        1.0652887328149714     
  0.81800003885291517        1.0674258503603560     
  0.81900003890041262        1.0695675352117668     
  0.82000003894791007        1.0717138063234148     
  0.82100003899540752        1.0738646827491602     
  0.82200003904290497        1.0760201836431811     
  0.82300003909040242        1.0781803282606464     
  0.82400003913789988        1.0803451359583944     
  0.82500003918539733        1.0825146261956176     
  0.82600003923289478        1.0846888185345516     
  0.82700003928039223        1.0868677326411711     
  0.82800003932788968        1.0890513882858905     
  0.82900003937538713        1.0912398053442702     
  0.83000003942288458        1.0934330037977291     
  0.83100003947038203        1.0956310037342625     
  0.83200003951787949        1.0978338253491657     
  0.83300003956537694        1.1000414889457644     
  0.83400003961287439        1.1022540149361493     
  0.83500003966037184        1.1044714238419191     
  0.83600003970786929        1.1066937362949267     
  0.83700003975536674        1.1089209730380345     
  0.83800003980286419        1.1111531549258729     
  0.83900003985036165        1.1133903029256076     
  0.84000003989785910        1.1156324381177114     
  0.84100003994535655        1.1178795816967433     
  0.84200003999285400        1.1201317549721339     
  0.84300004004035145        1.1223889793689765     
  0.84400004008784890        1.1246512764288259     
  0.84500004013534635        1.1269186678105030     
  0.84600004018284380        1.1291911752909061     
  0.84700004023034126        1.1314688207658292     
  0.84800004027783871        1.1337516262507874     
  0.84900004032533616        1.1360396138818476     
  0.85000004037283361        1.1383328059164683     
  0.85100004042033106        1.1406312247343449     
  0.85200004046782851        1.1429348928382626     
  0.85300004051532596        1.1452438328549559     
  0.85400004056282341        1.1475580675359764     
  0.85500004061032087        1.1498776197585665     
  0.85600004065781832        1.1522025125265412     
  0.85700004070531577        1.1545327689711775     
  0.85800004075281322        1.1568684123521107     
  0.85900004080031067        1.1592094660582384     
  0.86000004084780812        1.1615559536086326     
  0.86100004089530557        1.1639078986534588     
  0.86200004094280303        1.1662653249749033     
  0.86300004099030048        1.1686282564881085     
  0.86400004103779793        1.1709967172421154     
  0.86500004108529538        1.1733707314208150     
  0.86600004113279283        1.1757503233439073     
  0.86700004118029028        1.1781355174678685     
  0.86800004122778773        1.1805263383869267     
  0.86900004127528518        1.1829228108340455     
  0.87000004132278264        1.1853249596819166     
  0.87100004137028009        1.1877328099439599     
  0.87200004141777754        1.1901463867753337     
  0.87300004146527499        1.1925657154739522     
  0.87400004151277244        1.1949908214815124     
  0.87500004156026989        1.1974217303845296     
  0.87600004160776734        1.1998584679153821     
  0.87700004165526479        1.2023010599533652     
  0.87800004170276225        1.2047495325257531     
  0.87900004175025970        1.2072039118088715     
  0.88000004179775715        1.2096642241291784     
  0.88100004184525460        1.2121304959643548     
  0.88200004189275205        1.2146027539444053     
  0.88300004194024950        1.2170810248527670     
  0.88400004198774695        1.2195653356274296     
  0.88500004203524441        1.2220557133620642     
  0.88600004208274186        1.2245521853071624     
  0.88700004213023931        1.2270547788711854     
  0.88800004217773676        1.2295635216217236     
  0.88900004222523421        1.2320784412866652     
  0.89000004227273166        1.2345995657553763     
  0.89100004232022911        1.2371269230798907     
  0.89200004236772656        1.2396605414761106     
  0.89300004241522402        1.2422004493250181     
  0.89400004246272147        1.2447466751738963     
  0.89500004251021892        1.2472992477375628     
  0.89600004255771637        1.2498581958996133     
  0.89700004260521382        1.2524235487136763     
  0.89800004265271127        1.2549953354046786     
  0.89900004270020872        1.2575735853701233     
  0.90000004274770617        1.2601583281813782     
  0.90100004279520363        1.2627495935849757     
  0.90200004284270108        1.2653474115039254     
  0.90300004289019853        1.2679518120390367     
  0.90400004293769598        1.2705628254702557     
  0.90500004298519343        1.2731804822580115     
  0.90600004303269088        1.2758048130445767     
  0.90700004308018833        1.2784358486554395     
  0.90800004312768579        1.2810736201006876     
  0.90900004317518324        1.2837181585764059     
  0.91000004322268069        1.2863694954660854     
  0.91100004327017814        1.2890276623420460     
  0.91200004331767559        1.2916926909668724     
  0.91300004336517304        1.2943646132948621     
  0.91400004341267049        1.2970434614734869     
  0.91500004346016794        1.2997292678448686     
  0.91600004350766540        1.3024220649472678     
  0.91700004355516285        1.3051218855165851     
  0.91800004360266030        1.3078287624878784     
  0.91900004365015775        1.3105427289968921     
  0.92000004369765520        1.3132638183816014     
  0.92100004374515265        1.3159920641837715     
  0.92200004379265010        1.3187275001505288     
  0.92300004384014755        1.3214701602359498     
  0.92400004388764501        1.3242200786026621     
  0.92500004393514246        1.3269772896234622     
  0.92600004398263991        1.3297418278829467     
  0.92700004403013736        1.3325137281791599     
  0.92800004407763481        1.3352930255252564     
  0.92900004412513226        1.3380797551511789     
  0.93000004417262971        1.3408739525053524     
  0.93100004422012717        1.3436756532563934     
  0.93200004426762462        1.3464848932948363     
  0.93300004431512207        1.3493017087348749     
  0.93400004436261952        1.3521261359161205     
  0.93500004441011697        1.3549582114053775     
  0.93600004445761442        1.3577979719984348     
  0.93700004450511187        1.3606454547218743     
  0.93800004455260932        1.3635006968348971     
  0.93900004460010678        1.3663637358311662     
  0.94000004464760423        1.3692346094406680     
  0.94100004469510168        1.3721133556315899     
  0.94200004474259913        1.3750000126122166     
  0.94300004479009658        1.3778946188328454     
  0.94400004483759403        1.3807972129877177     
  0.94500004488509148        1.3837078340169717     
  0.94600004493258893        1.3866265211086115     
  0.94700004498008639        1.3895533137004958     
  0.94800004502758384        1.3924882514823469     
  0.94900004507508129        1.3954313743977775     
  0.95000004512257874        1.3983827226463383     
  0.95100004517007619        1.4013423366855846     
  0.95200004521757364        1.4043102572331629     
  0.95300004526507109        1.4072865252689186     
  0.95400004531256855        1.4102711820370237     
  0.95500004536006600        1.4132642690481247     
  0.95600004540756345        1.4162658280815124     
  0.95700004545506090        1.4192759011873122     
  0.95800004550255835        1.4222945306886963     
  0.95900004555005580        1.4253217591841174     
  0.96000004559755325        1.4283576295495639     
  0.96100004564505070        1.4314021849408385     
  0.96200004569254816        1.4344554687958577     
  0.96300004574004561        1.4375175248369754     
  0.96400004578754306        1.4405883970733278     
  0.96500004583504051        1.4436681298032039     
  0.96600004588253796        1.4467567676164372     
  0.96700004593003541        1.4498543553968226     
  0.96800004597753286        1.4529609383245563     
  0.96900004602503031        1.4560765618787015     
  0.97000004607252777        1.4592012718396767     
  0.97100004612002522        1.4623351142917709     
  0.97200004616752267        1.4654781356256825     
  0.97300004621502012        1.4686303825410847     
  0.97400004626251757        1.4717919020492161     
  0.97500004631001502        1.4749627414754973     
  0.97600004635751247        1.4781429484621744     
  0.97700004640500993        1.4813325709709890     
  0.97800004645250738        1.4845316572858747     
  0.97900004650000483        1.4877402560156818     
  0.98000004654750228        1.4909584160969291     
  0.98100004659499973        1.4941861867965838     
  0.98200004664249718        1.4974236177148696     
  0.98300004668999463        1.5006707587881043     
  0.98400004673749208        1.5039276602915648     
  0.98500004678498954        1.5071943728423829     
  0.98600004683248699        1.5104709474024702     
  0.98700004687998444        1.5137574352814731     
  0.98800004692748189        1.5170538881397582     
  0.98900004697497934        1.5203603579914282     
  0.99000004702247679        1.5236768972073700     
  0.99100004706997424        1.5270035585183328     
  0.99200004711747169        1.5303403950180396     
  0.99300004716496915        1.5336874601663302     
  0.99400004721246660        1.5370448077923364     
  0.99500004725996405        1.5404124920976914     
  0.99600004730746150        1.5437905676597723     
  0.99700004735495895        1.5471790894349757     
  0.99800004740245640        1.5505781127620293     
  0.99900004744995385        1.5539876933653363     
   1.0000000474974513        1.5574078873583563     
   1.0010000475449488        1.5608387512470216     
   1.0020000475924462        1.5642803419331885     
   1.0030000476399437        1.5677327167181268     
   1.0040000476874411        1.5711959333060446     
   1.0050000477349386        1.5746700498076516     
   1.0060000477824360        1.5781551247437597     
   1.0070000478299335        1.5816512170489221     
   1.0080000478774309        1.5851583860751108     
   1.0090000479249284        1.5886766915954345     
   1.0100000479724258        1.5922061938078940     
   1.0110000480199233        1.5957469533391808     
   1.0120000480674207        1.5992990312485145     
   1.0130000481149182        1.6028624890315215     
   1.0140000481624156        1.6064373886241565     
   1.0150000482099131        1.6100237924066658     
   1.0160000482574105        1.6136217632075931     
   1.0170000483049080        1.6172313643078291     
   1.0180000483524054        1.6208526594447052     
   1.0190000483999029        1.6244857128161316     
   1.0200000484474003        1.6281305890847797     
   1.0210000484948978        1.6317873533823113     
   1.0220000485423952        1.6354560713136539     
   1.0230000485898927        1.6391368089613214     
   1.0240000486373901        1.6428296328897842     
   1.0250000486848876        1.6465346101498863     
   1.0260000487323850        1.6502518082833104     
   1.0270000487798825        1.6539812953270940     
   1.0280000488273799        1.6577231398181935     
   1.0290000488748774        1.6614774107981005     
   1.0300000489223748        1.6652441778175080     
   1.0310000489698723        1.6690235109410292     
   1.0320000490173697        1.6728154807519688     
   1.0330000490648672        1.6766201583571476     
   1.0340000491123646        1.6804376153917799     
   1.0350000491598621        1.6842679240244076     
   1.0360000492073596        1.6881111569618874     
   1.0370000492548570        1.6919673874544359     
   1.0380000493023545        1.6958366893007304     
   1.0390000493498519        1.6997191368530675     
   1.0400000493973494        1.7036148050225806     
   1.0410000494448468        1.7075237692845153     
   1.0420000494923443        1.7114461056835655     
   1.0430000495398417        1.7153818908392702     
   1.0440000495873392        1.7193312019514715     
   1.0450000496348366        1.7232941168058347     
   1.0460000496823341        1.7272707137794319     
   1.0470000497298315        1.7312610718463892     
   1.0480000497773290        1.7352652705835994     
   1.0490000498248264        1.7392833901764988     
   1.0500000498723239        1.7433155114249126     
   1.0510000499198213        1.7473617157489665     
   1.0520000499673188        1.7514220851950668     
   1.0530000500148162        1.7554967024419499     
   1.0540000500623137        1.7595856508068024     
   1.0550000501098111        1.7636890142514514     
   1.0560000501573086        1.7678068773886284     
   1.0570000502048060        1.7719393254883049     
   1.0580000502523035        1.7760864444841031     
   1.0590000502998009        1.7802483209797810     
   1.0600000503472984        1.7844250422557948     
   1.0610000503947958        1.7886166962759367     
   1.0620000504422933        1.7928233716940534     
   1.0630000504897907        1.7970451578608415     
   1.0640000505372882        1.8012821448307252     
   1.0650000505847856        1.8055344233688146     
   1.0660000506322831        1.8098020849579473     
   1.0670000506797805        1.8140852218058126     
   1.0680000507272780        1.8183839268521629     
   1.0690000507747754        1.8226982937761094     
   1.0700000508222729        1.8270284170035056     
   1.0710000508697703        1.8313743917144205     
   1.0720000509172678        1.8357363138507004     
   1.0730000509647653        1.8401142801236221     
   1.0740000510122627        1.8445083880216393     
   1.0750000510597602        1.8489187358182217     
   1.0760000511072576        1.8533454225797903     
   1.0770000511547551        1.8577885481737475     
   1.0780000512022525        1.8622482132766067     
   1.0790000512497500        1.8667245193822202     
   1.0800000512972474        1.8712175688101074     
   1.0810000513447449        1.8757274647138860     
   1.0820000513922423        1.8802543110898053     
   1.0830000514397398        1.8847982127853862     
   1.0840000514872372        1.8893592755081656     
   1.0850000515347347        1.8939376058345510     
   1.0860000515822321        1.8985333112187830     
   1.0870000516297296        1.9031465000020096     
   1.0880000516772270        1.9077772814214733     
   1.0890000517247245        1.9124257656198127     
   1.0900000517722219        1.9170920636544797     
   1.0910000518197194        1.9217762875072748     
   1.0920000518672168        1.9264785500940020     
   1.0930000519147143        1.9311989652742449     
   1.0940000519622117        1.9359376478612651     
   1.0950000520097092        1.9406947136320265     
   1.0960000520572066        1.9454702793373460     
   1.0970000521047041        1.9502644627121717     
   1.0980000521522015        1.9550773824859933     
   1.0990000521996990        1.9599091583933830     
   1.1000000522471964        1.9647599111846727     
   1.1010000522946939        1.9696297626367656     
   1.1020000523421913        1.9745188355640877     
   1.1030000523896888        1.9794272538296787     
   1.1040000524371862        1.9843551423564263     
   1.1050000524846837        1.9893026271384446     
   1.1060000525321811        1.9942698352525998     
   1.1070000525796786        1.9992568948701845     
   1.1080000526271760        2.0042639352687437     
   1.1090000526746735        2.0092910868440548     
   1.1100000527221709        2.0143384811222624     
   1.1110000527696684        2.0194062507721728     
   1.1120000528171659        2.0244945296177086     
   1.1130000528646633        2.0296034526505262     
   1.1140000529121608        2.0347331560428006     
   1.1150000529596582        2.0398837771601754     
   1.1160000530071557        2.0450554545748880     
   1.1170000530546531        2.0502483280790633     
   1.1180000531021506        2.0554625386981886     
   1.1190000531496480        2.0606982287047630     
   1.1200000531971455        2.0659555416321318     
   1.1210000532446429        2.0712346222885034     
   1.1220000532921404        2.0765356167711548     
   1.1230000533396378        2.0818586724808266     
   1.1240000533871353        2.0872039381363114     
   1.1250000534346327        2.0925715637892393     
   1.1260000534821302        2.0979617008390621     
   1.1270000535296276        2.1033745020482399     
   1.1280000535771251        2.1088101215576343     
   1.1290000536246225        2.1142687149021104     
   1.1300000536721200        2.1197504390263506     
   1.1310000537196174        2.1252554523008849     
   1.1320000537671149        2.1307839145383385     
   1.1330000538146123        2.1363359870099061     
   1.1340000538621098        2.1419118324620481     
   1.1350000539096072        2.1475116151334190     
   1.1360000539571047        2.1531355007720290     
   1.1370000540046021        2.1587836566526430     
   1.1380000540520996        2.1644562515944208     
   1.1390000540995970        2.1701534559788014     
   1.1400000541470945        2.1758754417676380     
   1.1410000541945919        2.1816223825215864     
   1.1420000542420894        2.1873944534187477     
   1.1430000542895868        2.1931918312735759     
   1.1440000543370843        2.1990146945560491     
   1.1450000543845817        2.2048632234111132     
   1.1460000544320792        2.2107375996783962     
   1.1470000544795766        2.2166380069122065     
   1.1480000545270741        2.2225646304018110     
   1.1490000545745715        2.2285176571920040     
   1.1500000546220690        2.2344972761039688     
   1.1510000546695665        2.2405036777564353     
   1.1520000547170639        2.2465370545871459     
   1.1530000547645614        2.2525976008746236     
   1.1540000548120588        2.2586855127602581     
   1.1550000548595563        2.2648009882707076     
   1.1560000549070537        2.2709442273406268     
   1.1570000549545512        2.2771154318357230     
   1.1580000550020486        2.2833148055761474     
   1.1590000550495461        2.2895425543602288     
   1.1600000550970435        2.2957988859885519     
   1.1610000551445410        2.3020840102883886     
   1.1620000551920384        2.3083981391384891     
   1.1630000552395359        2.3147414864942366     
   1.1640000552870333        2.3211142684131731     
   1.1650000553345308        2.3275167030809039     
   1.1660000553820282        2.3339490108373830     
   1.1670000554295257        2.3404114142035932     
   1.1680000554770231        2.3469041379086204     
   1.1690000555245206        2.3534274089171330     
   1.1700000555720180        2.3599814564572736     
   1.1710000556195155        2.3665665120489687     
   1.1720000556670129        2.3731828095326635     
   1.1730000557145104        2.3798305850984911     
   1.1740000557620078        2.3865100773158838     
   1.1750000558095053        2.3932215271636301     
   1.1760000558570027        2.3999651780603912     
   1.1770000559045002        2.4067412758956821     
   1.1780000559519976        2.4135500690613250     
   1.1790000559994951        2.4203918084833842     
   1.1800000560469925        2.4272667476545937     
   1.1810000560944900        2.4341751426672804     
   1.1820000561419874        2.4411172522467983     
   1.1830000561894849        2.4480933377854783     
   1.1840000562369823        2.4551036633771055     
   1.1850000562844798        2.4621484958519320     
   1.1860000563319772        2.4692281048122364     
   1.1870000563794747        2.4763427626684393     
   1.1880000564269722        2.4834927446757824     
   1.1890000564744696        2.4906783289715886     
   1.1900000565219671        2.4978997966131047     
   1.1910000565694645        2.5051574316159448     
   1.1920000566169620        2.5124515209931415     
   1.1930000566644594        2.5197823547948164     
   1.1940000567119569        2.5271502261484851     
   1.1950000567594543        2.5345554313000025     
   1.1960000568069518        2.5419982696551653     
   1.1970000568544492        2.5494790438219832     
   1.1980000569019467        2.5569980596536270     
   1.1990000569494441        2.5645556262920746     
   1.2000000569969416        2.5721520562124578     
   1.2010000570444390        2.5797876652681340     
   1.2020000570919365        2.5874627727364876     
   1.2030000571394339        2.5951777013654791     
   1.2040000571869314        2.6029327774209570     
   1.2050000572344288        2.6107283307347444     
   1.2060000572819263        2.6185646947535171     
   1.2070000573294237        2.6264422065884885     
   1.2080000573769212        2.6343612070659139     
   1.2090000574244186        2.6423220407784354     
   1.2100000574719161        2.6503250561372775     
   1.2110000575194135        2.6583706054253162     
   1.2120000575669110        2.6664590448510332     
   1.2130000576144084        2.6745907346033766     
   1.2140000576619059        2.6827660389075425     
   1.2150000577094033        2.6909853260816980     
   1.2160000577569008        2.6992489685946639     
   1.2170000578043982        2.7075573431245754     
   1.2180000578518957        2.7159108306185398     
   1.2190000578993931        2.7243098163533128     
   1.2200000579468906        2.7327546899970110     
   1.2210000579943880        2.7412458456718847     
   1.2220000580418855        2.7497836820181694     
   1.2230000580893829        2.7583686022590395     
   1.2240000581368804        2.7670010142666848     
   1.2250000581843778        2.7756813306295340     
   1.2260000582318753        2.7844099687206487     
   1.2270000582793728        2.7931873507673108     
   1.2280000583268702        2.8020139039218259     
   1.2290000583743677        2.8108900603335729     
   1.2300000584218651        2.8198162572223193     
   1.2310000584693626        2.8287929369528331     
   1.2320000585168600        2.8378205471108138     
   1.2330000585643575        2.8468995405801745     
   1.2340000586118549        2.8560303756216991     
   1.2350000586593524        2.8652135159531062     
   1.2360000587068498        2.8744494308305466     
   1.2370000587543473        2.8837385951315664     
   1.2380000588018447        2.8930814894395653     
   1.2390000588493422        2.9024786001297835     
   1.2400000588968396        2.9119304194568465     
   1.2410000589443371        2.9214374456439036     
   1.2420000589918345        2.9310001829733938     
   1.2430000590393320        2.9406191418794707     
   1.2440000590868294        2.9502948390421264     
   1.2450000591343269        2.9600277974830482     
   1.2460000591818243        2.9698185466632467     
   1.2470000592293218        2.9796676225824910     
   1.2480000592768192        2.9895755678805940     
   1.2490000593243167        2.9995429319405860     
   1.2500000593718141        3.0095702709938172     
   1.2510000594193116        3.0196581482270330     
   1.2520000594668090        3.0298071338914636     
   1.2530000595143065        3.0400178054139739     
   1.2540000595618039        3.0502907475103189     
   1.2550000596093014        3.0606265523005489     
   1.2560000596567988        3.0710258194266178     
   1.2570000597042963        3.0814891561722360     
   1.2580000597517937        3.0920171775850260     
   1.2590000597992912        3.1026105066010259     
   1.2600000598467886        3.1132697741715987     
   1.2610000598942861        3.1239956193927974     
   1.2620000599417835        3.1347886896372454     
   1.2630000599892810        3.1456496406885872     
   1.2640000600367785        3.1565791368785674     
   1.2650000600842759        3.1675778512268011     
   1.2660000601317734        3.1786464655832951     
   1.2670000601792708        3.1897856707737824     
   1.2680000602267683        3.2009961667479399     
   1.2690000602742657        3.2122786627305486     
   1.2700000603217632        3.2236338773756725     
   1.2710000603692606        3.2350625389239211     
   1.2720000604167581        3.2465653853628713     
   1.2730000604642555        3.2581431645907193     
   1.2740000605117530        3.2697966345832441     
   1.2750000605592504        3.2815265635641544     
   1.2760000606067479        3.2933337301789041     
   1.2770000606542453        3.3052189236720588     
   1.2780000607017428        3.3171829440682941     
   1.2790000607492402        3.3292266023571173     
   1.2800000607967377        3.3413507206814015     
   1.2810000608442351        3.3535561325298198     
   1.2820000608917326        3.3658436829332814     
   1.2830000609392300        3.3782142286654602     
   1.2840000609867275        3.3906686384475200     
   1.2850000610342249        3.4032077931571370     
   1.2860000610817224        3.4158325860419261     
   1.2870000611292198        3.4285439229373802     
   1.2880000611767173        3.4413427224894315     
   1.2890000612242147        3.4542299163817543     
   1.2900000612717122        3.4672064495679225     
   1.2910000613192096        3.4802732805085461     
   1.2920000613667071        3.4934313814135121     
   1.2930000614142045        3.5066817384894557     
   1.2940000614617020        3.5200253521925977     
   1.2950000615091994        3.5334632374870809     
   1.2960000615566969        3.5469964241089480     
   1.2970000616041943        3.5606259568359042     
   1.2980000616516918        3.5743528957630128     
   1.2990000616991892        3.5881783165844769     
   1.3000000617466867        3.6021033108816645     
   1.3010000617941841        3.6161289864175394     
   1.3020000618416816        3.6302564674376643     
   1.3030000618891791        3.6444868949779470     
   1.3040000619366765        3.6588214271793076     
   1.3050000619841740        3.6732612396094506     
   1.3060000620316714        3.6878075255919263     
   1.3070000620791689        3.7024614965426772     
   1.3080000621266663        3.7172243823142672     
   1.3090000621741638        3.7320974315480031     
   1.3100000622216612        3.7470819120341528     
   1.3110000622691587        3.7621791110804863     
   1.3120000623166561        3.7773903358893595     
   1.3130000623641536        3.7927169139435741     
   1.3140000624116510        3.8081601934012546     
   1.3150000624591485        3.8237215434999849     
   1.3160000625066459        3.8394023549704643     
   1.3170000625541434        3.8552040404599417     
   1.3180000626016408        3.8711280349656989     
   1.3190000626491383        3.8871757962788647     
   1.3200000626966357        3.9033488054388457     
   1.3210000627441332        3.9196485671986738     
   1.3220000627916306        3.9360766105015736     
   1.3230000628391281        3.9526344889690712     
   1.3240000628866255        3.9693237814009690     
   1.3250000629341230        3.9861460922875254     
   1.3260000629816204        4.0031030523341871     
   1.3270000630291179        4.0201963189992362     
   1.3280000630766153        4.0374275770447250     
   1.3290000631241128        4.0547985391010792     
   1.3300000631716102        4.0723109462457714     
   1.3310000632191077        4.0899665685964708     
   1.3320000632666051        4.1077672059191030     
   1.3330000633141026        4.1257146882512448     
   1.3340000633616000        4.1438108765413180     
   1.3350000634090975        4.1620576633040480     
   1.3360000634565949        4.1804569732926717     
   1.3370000635040924        4.1990107641883982     
   1.3380000635515898        4.2177210273076344     
   1.3390000635990873        4.2365897883275228     
   1.3400000636465847        4.2556191080303369     
   1.3410000636940822        4.2748110830673172     
   1.3420000637415797        4.2941678467425328     
   1.3430000637890771        4.3136915698173928     
   1.3440000638365746        4.3333844613364407     
   1.3450000638840720        4.3532487694750932     
   1.3460000639315695        4.3732867824100028     
   1.3470000639790669        4.3935008292127593     
   1.3480000640265644        4.4138932807676552     
   1.3490000640740618        4.4344665507142818     
   1.3500000641215593        4.4552230964157351     
   1.3510000641690567        4.4761654199532579     
   1.3520000642165542        4.4972960691481507     
   1.3530000642640516        4.5186176386118424     
   1.3540000643115491        4.5401327708250161     
   1.3550000643590465        4.5618441572467425     
   1.3560000644065440        4.5837545394545938     
   1.3570000644540414        4.6058667103167545     
   1.3580000645015389        4.6281835151971817     
   1.3590000645490363        4.6507078531949038     
   1.3600000645965338        4.6734426784185965     
   1.3610000646440312        4.6963910012976111     
   1.3620000646915287        4.7195558899306738     
   1.3630000647390261        4.7429404714735313     
   1.3640000647865236        4.7665479335668541     
   1.3650000648340210        4.7903815258057740     
   1.3660000648815185        4.8144445612524720     
   1.3670000649290159        4.8387404179933000     
   1.3680000649765134        4.8632725407419750     
   1.3690000650240108        4.8880444424904335     
   1.3700000650715083        4.9130597062090233     
   1.3710000651190057        4.9383219865977486     
   1.3720000651665032        4.9638350118903691     
   1.3730000652140006        4.9896025857132313     
   1.3740000652614981        5.0156285890007650     
   1.3750000653089955        5.0419169819696847     
   1.3760000653564930        5.0684718061539957     
   1.3770000654039904        5.0952971865030046     
   1.3780000654514879        5.1223973335446251     
   1.3790000654989854        5.1497765456163540     
   1.3800000655464828        5.1774392111664094     
   1.3810000655939803        5.2053898111276133     
   1.3820000656414777        5.2336329213667137     
   1.3830000656889752        5.2621732152119671     
   1.3840000657364726        5.2910154660619027     
   1.3850000657839701        5.3201645500783359     
   1.3860000658314675        5.3496254489668189     
   1.3870000658789650        5.3794032528478564     
   1.3880000659264624        5.4095031632223689     
   1.3890000659739599        5.4399304960350214     
   1.3900000660214573        5.4706906848392203     
   1.3910000660689548        5.5017892840677254     
   1.3920000661164522        5.5332319724130175     
   1.3930000661639497        5.5650245563217400     
   1.3940000662114471        5.5971729736077380     
   1.3950000662589446        5.6296832971884037     
   1.3960000663064420        5.6625617389492824     
   1.3970000663539395        5.6958146537420902     
   1.3980000664014369        5.7294485435215607     
   1.3990000664489344        5.7634700616267667     
   1.4000000664964318        5.7978860172128464     
   1.4010000665439293        5.8327033798393293     
   1.4020000665914267        5.8679292842215558     
   1.4030000666389242        5.9035710351520025     
   1.4040000666864216        5.9396361125986310     
   1.4050000667339191        5.9761321769877460     
   1.4060000667814165        6.0130670746791903     
   1.4070000668289140        6.0504488436421049     
   1.4080000668764114        6.0882857193398703     
   1.4090000669239089        6.1265861408332887     
   1.4100000669714063        6.1653587571114947     
   1.4110000670189038        6.2046124336605857     
   1.4120000670664012        6.2443562592804369     
   1.4130000671138987        6.2845995531607208     
   1.4140000671613961        6.3253518722276958     
   1.4150000672088936        6.3666230187739368     
   1.4160000672563910        6.4084230483837983     
   1.4170000673038885        6.4507622781680674     
   1.4180000673513860        6.4936512953219783     
   1.4190000673988834        6.5371009660214963     
   1.4200000674463809        6.5811224446735732     
   1.4210000674938783        6.6257271835369158     
   1.4220000675413758        6.6709269427307003     
   1.4230000675888732        6.7167338006496031     
   1.4240000676363707        6.7631601648045230     
   1.4250000676838681        6.8102187831094421     
   1.4260000677313656        6.8579227556359772     
   1.4270000677788630        6.9062855468584052     
   1.4280000678263605        6.9553209984131961     
   1.4290000678738579        7.0050433423984551     
   1.4300000679213554        7.0554672152401192     
   1.4310000679688528        7.1066076721532854     
   1.4320000680163503        7.1584802022286809     
   1.4330000680638477        7.2111007441760453     
   1.4340000681113452        7.2644857027580221     
   1.4350000681588426        7.3186519659501670     
   1.4360000682063401        7.3736169228647768     
   1.4370000682538375        7.4293984824784980     
   1.4380000683013350        7.4860150932060847     
   1.4390000683488324        7.5434857633652532     
   1.4400000683963299        7.6018300825803138     
   1.4410000684438273        7.6610682441752136     
   1.4420000684913248        7.7212210686097666     
   1.4430000685388222        7.7823100280162061     
   1.4440000685863197        7.8443572718968078     
   1.4450000686338171        7.9073856540471903     
   1.4460000686813146        7.9714187607740472     
   1.4470000687288120        8.0364809404804944     
   1.4480000687763095        8.1025973346970055     
   1.4490000688238069        8.1697939106410100     
   1.4500000688713044        8.2380974953937383     
   1.4510000689188018        8.3075358117888172     
   1.4520000689662993        8.3781375161134761     
   1.4530000690137967        8.4499322377300832     
   1.4540000690612942        8.5229506207330967     
   1.4550000691087916        8.5972243677644773     
   1.4560000691562891        8.6727862861191785     
   1.4570000692037866        8.7496703362815911     
   1.4580000692512840        8.8279116830437925     
   1.4590000692987815        8.9075467493672722     
   1.4600000693462789        8.9886132731614481     
   1.4610000693937764        9.0711503671649449     
   1.4620000694412738        9.1551985821292625     
   1.4630000694887713        9.2407999735192767     
   1.4640000695362687        9.3279981719611023     
   1.4650000695837662        9.4168384576852375     
   1.4660000696312636        9.5073678392318826     
   1.4670000696787611        9.5996351367058548     
   1.4680000697262585        9.6936910698909280     
   1.4690000697737560        9.7895883515577324     
   1.4700000698212534        9.8873817863259035     
   1.4710000698687509        9.9871283754700801     
   1.4720000699162483        10.088887428090866     
   1.4730000699637458        10.192720679106369     
   1.4740000700112432        10.298692414557545     
   1.4750000700587407        10.406869604761775     
   1.4760000701062381        10.517322045894232     
   1.4770000701537356        10.630122510625974     
   1.4780000702012330        10.745346908501965     
   1.4790000702487305        10.863074456801755     
   1.4800000702962279        10.983387862690964     
   1.4810000703437254        11.106373517543771     
   1.4820000703912228        11.232121704395835     
   1.4830000704387203        11.360726819574575     
   1.4840000704862177        11.492287609650164     
   1.4850000705337152        11.626907424957254     
   1.4860000705812126        11.764694491055350     
   1.4870000706287101        11.905762199626349     
   1.4880000706762075        12.050229420452578     
   1.4890000707237050        12.198220836279340     
   1.4900000707712024        12.349867302544661     
   1.4910000708186999        12.505306234157633     
   1.4920000708661973        12.664682021728307     
   1.4930000709136948        12.828146479899107     
   1.4940000709611923        12.995859330703858     
   1.4950000710086897        13.167988725189298     
   1.4960000710561872        13.344711806879996     
   1.4970000711036846        13.526215321055743     
   1.4980000711511821        13.712696274246703     
   1.4990000711986795        13.904362648842447     
   1.5000000712461770        14.101434178264281     
   1.5010000712936744        14.304143188774873     
   1.5020000713411719        14.512735514705509     
   1.5030000713886693        14.727471494681383     
   1.5040000714361668        14.948627057333214     
   1.5050000714836642        15.176494906015558     
   1.5060000715311617        15.411385813227600     
   1.5070000715786591        15.653630036773453     
   1.5080000716261566        15.903578871232462     
   1.5090000716736540        16.161606350066808     
   1.5100000717211515        16.428111115710625     
   1.5110000717686489        16.703518477305185     
   1.5120000718161464        16.988282678420465     
   1.5130000718636438        17.282889400195554     
   1.5140000719111413        17.587858528912736     
   1.5150000719586387        17.903747221180140     
   1.5160000720061362        18.231153304741238     
   1.5170000720536336        18.570719058583173     
   1.5180000721011311        18.923135422633269     
   1.5190000721486285        19.289146695100410     
   1.5200000721961260        19.669555784661355     
   1.5210000722436234        20.065230095488122     
   1.5220000722911209        20.477108135899755     
   1.5230000723386183        20.906206956616867     
   1.5240000723861158        21.353630542714729     
   1.5250000724336132        21.820579305048611     
   1.5260000724811107        22.308360842958177     
   1.5270000725286081        22.818402181440760     
   1.5280000725761056        23.352263723965940     
   1.5290000726236030        23.911655208265447     
   1.5300000726711005        24.498454008777514     
   1.5310000727185979        25.114726198512511     
   1.5320000727660954        25.762750868221378     
   1.5330000728135929        26.445048306130580     
   1.5340000728610903        27.164412772664658     
   1.5350000729085878        27.923950768711119     
   1.5360000729560852        28.727125902568549     
   1.5370000730035827        29.577811722319424     
   1.5380000730510801        30.480354213758265     
   1.5390000730985776        31.439646091761308     
   1.5400000731460750        32.461215565747914     
   1.5410000731935725        33.551332979610613     
   1.5420000732410699        34.717139671160567     
   1.5430000732885674        35.966804646673857     
   1.5440000733360648        37.309716336676573     
   1.5450000733835623        38.756718952492477     
   1.5460000734310597        40.320406034343179     
   1.5470000734785572        42.015488014636432     
   1.5480000735260546        43.859256524047375     
   1.5490000735735521        45.872176509785113     
   1.5500000736210495        48.078649187269136     
   1.5510000736685470        50.508006231891507     
   1.5520000737160444        53.195821327364534     
   1.5530000737635419        56.185663898856795     
   1.5540000738110393        59.531479313460508     
   1.5550000738585368        63.300873158493083     
   1.5560000739060342        67.579727302264175     
   1.5570000739535317        72.478823446436877     
   1.5580000740010291        78.143572304389011     
   1.5590000740485266        84.768691235993643     
   1.5600000740960240        92.621038608342516     
